NS_SS_14_0005	262	266	115	153	206	240	203	203	186	230	206	228	225	237	225	261	142	160	177	193	134	154	300	352
NS_SS_14_0010	246	246	161	191	250	250	199	205	194	218	220	236	189	221	229	241	146	146	177	193	154	154	292	352
NS_SS_14_0013	200	266	115	231	262	274	201	237	194	226	212	222	209	209	221	229	164	184	177	177	138	154	320	388
NS_SS_14_0020	242	246	135	161	266	282	199	201	198	222	220	228	193	233	217	261	164	164	177	193	138	154	264	348
NS_SS_14_0025	238	262	219	235	172	206	205	227	194	226	220	236	221	279	225	233	142	146	161	177	134	138	288	340
NS_SS_14_0026	200	258	181	237	206	214	201	237	198	206	220	236	205	233	193	233	142	168	161	193	138	138	316	332
NS_SS_14_0034	262	282	115	191	250	270	199	201	170	238	222	222	197	209	233	265	142	142	177	177	134	154	272	340
NS_SS_14_0035	242	282	161	235	222	248	199	201	206	234	222	222	237	291	233	237	146	164	189	193	138	154	336	340
NS_SS_14_0037	218	270	115	181	222	246	221	233	226	226	220	222	205	209	181	233	142	152	177	193	138	162	332	336
NS_SS_14_0054	278	310	115	189	264	274	233	237	230	230	206	220	201	205	241	277	134	142	189	193	154	164	344	344
NS_SS_14_0055	238	262	177	235	240	266	201	233	226	234	228	236	193	299	185	229	146	146	161	177	138	154	188	340
NS_SS_14_0060	250	254	161	177	230	270	193	237	226	234	220	222	209	233	181	181	142	142	177	177	138	138	324	352
NS_SS_14_0065	234	266	161	197	222	250	199	205	190	230	220	236	205	221	205	237	152	152	165	177	154	154	256	352
NS_SS_14_0071	242	266	193	235	214	262	193	205	186	198	220	220	221	229	177	225	160	168	193	193	138	160	284	316
NS_SS_14_0080	262	274	193	195	250	250	233	233	186	186	214	222	233	233	205	229	164	172	177	197	138	138	316	418
NS_SS_14_0084	258	270	135	233	244	266	203	205	202	226	226	236	229	233	225	297	142	164	177	189	138	160	248	308
NS_SS_14_0088	258	270	115	227	240	254	199	227	186	198	210	212	237	291	217	241	152	168	161	197	138	160	304	344
NS_SS_14_0151	200	258	0	0	206	222	199	237	182	190	220	236	193	205	225	229	134	164	177	177	134	154	296	324
NS_SS_14_0181	250	270	161	241	234	244	199	233	186	222	220	220	233	283	245	269	160	200	165	193	134	154	336	336
NS_SS_14_0186	242	290	115	115	266	278	201	221	170	230	206	220	193	205	181	221	142	146	177	213	154	162	316	344
NS_SS_14_0189	218	246	155	245	244	266	199	233	190	230	222	228	193	233	245	257	138	164	161	193	154	154	288	352
NS_SS_14_0190	246	266	115	165	214	230	201	237	194	198	220	220	205	273	257	257	146	208	165	177	138	154	0	0
NS_SS_14_0191	238	278	137	249	240	248	199	199	174	190	206	216	221	291	177	253	138	152	177	177	138	138	316	320
NS_SS_14_0006	242	258	177	191	248	266	199	237	170	230	220	222	229	237	205	213	146	152	177	193	134	138	316	380
NS_SS_14_0015	200	258	193	219	262	286	199	233	218	234	220	226	229	229	245	261	152	156	177	189	138	154	252	336
NS_SS_14_0022	200	270	161	191	242	248	199	199	218	230	206	220	193	279	241	261	160	164	177	193	154	154	312	348
NS_SS_14_0028	258	270	119	161	222	230	201	219	206	226	222	236	205	237	229	233	146	152	177	177	154	154	312	328
NS_SS_14_0029	266	266	135	137	222	266	199	203	222	226	222	228	201	233	249	253	142	152	165	177	134	138	188	336
NS_SS_14_0032	250	266	115	197	240	262	233	233	190	198	220	236	229	237	173	209	138	160	177	193	154	154	284	340
NS_SS_14_0038	270	274	161	229	234	238	199	221	198	210	212	220	205	225	229	257	142	152	177	189	138	154	328	356
NS_SS_14_0042	242	270	169	191	254	282	199	237	214	222	220	236	205	279	221	273	142	160	165	177	156	160	236	410
NS_SS_14_0045	234	266	137	177	222	266	201	233	170	226	216	222	233	275	181	225	142	184	0	0	138	154	316	348
NS_SS_14_0047	210	290	119	253	230	262	203	205	214	234	220	222	205	237	205	229	134	164	177	193	154	162	312	336
NS_SS_14_0048	0	0	0	0	0	0	0	0	214	234	212	220	193	237	205	229	134	156	165	177	138	154	312	336
NS_SS_14_0051	270	282	191	245	214	248	233	237	170	230	228	236	205	273	173	245	142	156	177	193	154	160	316	320
NS_SS_14_0053	250	262	137	227	172	214	197	237	226	230	206	220	229	233	229	253	142	168	189	197	134	154	312	344
NS_SS_14_0056	200	270	219	229	248	262	199	201	182	230	220	220	213	221	233	241	142	164	165	201	154	154	292	418
NS_SS_14_0059	266	278	193	197	230	250	199	201	170	198	220	226	193	213	173	209	142	160	177	197	138	162	332	340
NS_SS_14_0067	258	278	161	241	242	266	199	201	202	202	222	222	205	205	205	233	142	242	177	177	138	154	320	344
NS_SS_14_0068	250	278	161	203	242	286	201	237	190	222	0	0	0	0	213	241	138	142	177	193	138	138	312	320
NS_SS_14_0069	234	258	115	197	238	266	199	233	190	218	220	222	201	237	237	241	146	152	189	197	154	154	332	406
NS_SS_14_0072	242	270	115	201	222	250	193	227	202	222	214	222	229	229	217	233	142	142	177	189	138	142	236	348
NS_SS_14_0076	242	262	187	191	270	286	201	227	186	218	228	236	221	229	213	233	152	164	177	193	138	154	336	340
NS_SS_14_0089	234	278	189	189	222	266	203	233	190	194	220	236	205	233	225	237	138	146	177	193	134	162	312	344
NS_SS_14_0187	242	258	161	191	262	266	199	201	182	186	228	228	229	287	201	233	142	164	177	189	138	138	312	340
NS_SS_14_0192	242	274	137	193	234	262	183	229	186	218	212	228	213	241	177	245	146	168	165	193	134	160	184	344
NS_OP_14_0002	266	270	161	235	206	246	199	199	202	218	220	236	205	237	173	233	138	152	193	193	138	138	340	344
NS_OP_14_0003	234	242	191	235	242	248	183	201	190	222	220	222	225	237	221	249	152	152	165	177	134	154	312	414
NS_OP_14_0009	242	254	193	193	234	278	199	199	186	202	220	220	205	263	241	297	146	208	193	217	138	156	188	340
NS_OP_14_0011	242	258	181	219	250	250	199	233	190	226	220	222	205	237	213	253	134	146	177	217	154	162	316	340
NS_OP_14_0013	242	278	161	173	244	250	227	233	194	218	222	228	205	229	229	233	146	168	177	193	154	154	244	280
NS_OP_14_0015	258	266	115	161	248	282	227	233	222	230	206	236	279	279	237	277	152	164	193	197	134	138	332	356
NS_OP_14_0020	266	274	185	207	250	262	227	233	194	202	212	220	209	275	237	269	134	142	177	189	138	154	272	308
NS_OP_14_0022	270	290	161	181	234	240	201	227	198	226	220	222	209	275	233	241	142	152	177	177	138	162	320	324
NS_OP_14_0024	200	278	181	245	242	288	201	233	190	202	206	222	213	299	177	205	142	152	193	193	154	154	340	344
NS_OP_14_0025	238	246	181	219	206	242	193	227	226	226	206	220	197	205	209	213	152	160	177	193	154	154	300	308
NS_OP_14_0026	200	282	165	191	206	266	199	237	198	218	212	222	205	229	209	277	142	142	189	193	138	160	316	332
NS_OP_14_0028	250	266	115	235	222	266	201	227	194	222	218	220	193	205	177	229	164	168	177	177	138	138	188	316
NS_OP_14_0033	238	282	191	237	248	250	201	201	170	202	220	222	189	229	249	261	160	164	193	197	154	154	320	348
NS_OP_14_0037	200	258	141	189	222	282	193	237	178	202	222	222	205	233	181	217	160	176	165	189	138	154	244	344
NS_OP_14_0038	200	282	115	181	244	250	199	199	202	214	220	236	229	237	257	261	152	176	193	197	154	158	188	288
NS_OP_14_0040	270	290	161	165	210	248	201	205	222	222	220	236	193	237	237	245	160	164	177	189	154	154	308	352
NS_OP_14_0041	242	250	169	235	222	250	199	201	186	222	206	206	205	221	221	269	138	164	161	177	154	156	300	388
NS_OP_14_0047	242	258	157	249	250	266	197	233	210	234	220	222	221	233	237	237	142	168	189	193	138	138	308	320
NS_OP_14_0050	250	274	137	235	244	244	199	205	186	226	220	228	193	283	249	277	138	138	177	217	138	154	280	328
NS_OP_14_0055	250	262	135	137	218	240	199	207	202	218	222	228	233	287	241	249	142	164	193	193	134	138	248	332
NS_OP_14_0057	234	242	137	137	234	282	201	227	198	218	222	228	205	221	233	237	164	184	177	189	154	154	244	272
NS_OP_14_0058	242	290	137	193	206	250	205	237	186	202	220	220	205	279	217	297	164	176	177	177	138	154	268	312
NS_OP_14_0059	242	270	169	191	254	282	199	237	214	222	206	222	233	287	221	273	142	160	165	177	156	160	236	410
NS_OP_14_0067	242	242	119	219	172	244	233	237	178	182	220	220	193	193	209	225	142	180	177	189	154	154	184	348
NS_OP_14_0069	258	274	115	193	234	254	199	227	194	202	220	222	205	237	209	229	142	172	165	193	138	154	236	308
NS_OP_14_0074	270	290	161	177	250	266	227	233	198	226	220	220	237	291	241	317	142	160	177	177	154	154	320	332
NS_OP_14_0078	250	266	185	191	250	266	201	201	230	230	206	222	201	233	201	269	134	168	177	193	134	138	332	356
NS_OP_14_0079	242	262	193	197	236	244	199	199	226	234	220	222	225	275	217	257	138	168	177	193	138	154	320	344
NS_OP_14_0084	254	270	193	253	222	286	205	237	214	218	206	222	205	229	209	261	146	160	165	193	138	154	332	356
NS_OP_14_0089	242	270	191	197	214	252	201	219	222	230	206	222	209	209	173	225	134	242	161	165	154	154	312	312
NS_OP_14_0091	200	246	165	251	282	282	199	199	190	222	220	220	205	209	233	273	160	164	193	213	138	166	264	316
NS_OP_14_0094	250	274	137	137	242	244	233	237	186	226	220	222	209	233	233	253	134	138	177	193	138	154	328	336
NS_OP_14_0095	242	290	189	237	262	274	203	237	178	214	236	236	205	221	245	257	152	160	165	177	138	138	344	414
NS_OP_14_0096	242	278	173	227	254	270	199	205	198	234	220	228	233	275	257	257	152	164	177	177	138	138	308	344
NS_OP_14_0097	246	266	219	253	214	250	201	237	194	222	222	228	205	229	233	249	142	160	165	193	138	154	320	352
NS_OP_14_0105	258	258	199	227	218	246	233	233	170	234	220	236	201	237	209	229	134	164	165	189	134	138	184	344
NS_OP_14_0110	238	278	115	191	254	266	199	205	162	198	206	222	213	275	209	213	142	152	165	193	138	154	188	336
NS_OP_14_0115	266	286	195	241	266	274	199	229	190	222	222	228	221	237	237	281	152	184	177	193	134	156	336	356
NS_OP_14_0117	234	242	193	201	222	240	193	221	190	222	212	236	205	237	249	317	152	242	177	193	134	138	312	320
NS_OP_14_0119	242	242	189	189	264	288	201	233	198	214	220	220	193	205	225	249	142	204	189	197	138	162	316	348
NS_OP_14_0121	262	278	161	187	240	250	207	237	206	218	220	236	205	233	209	261	164	168	165	217	154	154	244	336
NS_OP_14_0123	200	258	141	189	240	282	193	237	178	202	220	222	205	233	181	221	146	160	189	193	154	154	244	344
NS_OP_14_0127	238	258	115	181	234	282	203	233	230	234	220	236	229	279	237	249	164	172	177	177	134	154	296	308
NS_OP_14_0130	266	270	191	219	254	254	199	227	222	222	222	228	205	221	217	233	142	164	177	193	154	154	252	296
NS_OP_14_0135	242	262	197	235	206	242	201	233	194	226	220	228	275	275	237	261	142	172	161	177	138	160	244	340
NS_OP_14_0136	200	242	161	199	266	282	201	227	202	222	228	236	205	279	217	241	138	152	193	217	154	158	272	332
NS_OP_14_0137	266	286	115	191	240	266	201	233	190	218	222	222	201	205	185	209	168	168	189	189	154	154	316	406
NS_OP_14_0140	250	290	191	237	206	266	201	237	170	202	220	236	205	205	193	269	168	168	165	177	138	138	316	356
NS_OP_14_0143	232	238	137	137	258	286	201	205	174	174	220	220	205	279	0	0	142	184	177	193	138	154	332	336
NS_OP_14_0144	258	270	161	177	234	240	227	233	198	222	206	220	275	291	233	317	142	160	177	189	138	162	320	324
NS_OP_14_0146	0	0	0	0	240	248	0	0	0	0	206	220	225	229	0	0	134	160	165	177	138	138	320	320
NS_OP_14_0147	266	282	191	245	222	256	203	203	190	194	210	236	205	205	185	241	142	168	177	177	138	138	320	356
NS_OP_14_0148	246	290	115	197	214	266	207	227	202	226	206	236	197	229	209	269	142	146	193	193	138	154	296	308
NS_OP_14_0149	234	270	137	227	240	270	197	199	202	226	220	228	221	233	241	277	164	168	161	193	138	154	344	392
NS_OP_14_0153	200	270	161	191	244	266	199	237	190	234	220	236	205	213	209	237	142	160	165	197	154	154	336	344
NS_OP_14_0154	242	258	115	177	222	286	199	201	170	230	220	236	205	237	177	233	152	152	177	177	154	156	316	316
NS_OP_14_0157	200	266	135	189	244	266	199	237	222	238	220	236	197	237	225	245	152	172	165	177	138	138	184	184
NS_OP_14_0158	226	238	115	137	206	266	201	233	198	222	220	236	197	205	245	281	138	164	177	177	138	160	268	332
NS_OP_14_0159	270	294	161	227	246	250	201	233	186	230	216	222	229	287	277	297	152	164	177	193	138	154	184	312
NS_OP_14_0160	250	266	191	247	214	250	201	237	222	222	222	228	225	233	185	237	138	146	177	193	138	160	344	410
NS_OP_14_0161	242	262	135	181	250	266	199	205	178	178	212	228	213	233	229	249	164	164	193	197	134	138	320	352
NS_OP_14_0166	238	290	115	157	206	244	197	221	182	198	222	228	201	229	205	245	164	176	177	177	138	154	280	312
NS_OP_14_0168	242	290	187	219	240	250	203	227	210	222	222	222	193	225	237	269	142	152	177	189	154	162	340	344
NS_OP_14_0172	270	282	161	177	250	254	199	227	222	234	206	220	233	275	221	257	142	164	165	177	138	160	308	336
NS_OP_14_0173	242	254	177	195	206	274	193	201	198	230	206	222	205	221	253	257	142	176	165	193	138	154	236	336
NS_OP_14_0174	258	262	197	197	242	282	199	237	218	222	220	236	229	229	229	269	134	146	177	193	138	154	244	276
NS_OP_14_0185	238	246	161	181	240	266	207	237	202	230	220	228	233	249	181	241	152	164	193	201	138	154	236	268
NS_OP_14_0187	242	246	191	191	250	250	221	227	194	222	206	236	233	273	177	225	160	160	161	193	134	138	184	188
NS_OP_14_0190	282	282	173	197	234	250	203	227	182	218	220	228	193	279	229	249	160	164	177	177	138	154	184	308
NS_OP_14_0191	258	294	137	165	240	254	233	237	190	226	228	236	197	229	181	269	134	142	177	193	138	138	244	336
NS_OP_14_0195	242	246	115	197	242	286	221	227	206	214	220	236	221	275	233	245	138	152	193	197	138	154	284	336
NS_OP_14_0197	262	262	191	197	244	262	201	233	194	226	220	222	205	275	237	277	152	152	177	189	134	154	244	344
NS_OP_14_0198	242	258	137	197	262	266	227	229	218	226	212	236	197	229	181	209	142	146	189	193	154	154	308	344
NS_OP_14_0200	238	278	189	207	206	250	197	221	182	230	220	222	193	237	209	237	142	164	177	193	134	154	264	332
NS_OP_14_0206	242	266	235	245	214	222	233	237	222	222	220	226	193	273	225	285	146	152	161	177	134	138	184	328
NS_OP_14_0207	270	282	177	185	248	254	199	199	194	230	214	228	197	205	245	277	146	146	193	193	138	156	296	352
NS_OP_14_0211	238	266	161	201	242	258	207	227	222	234	206	222	205	233	217	233	142	184	193	193	154	162	280	284
NS_OP_14_0214	0	0	115	137	250	250	0	0	0	0	220	224	193	197	181	181	134	138	177	193	160	162	188	188
NS_OP_14_0215	250	266	189	193	214	234	199	233	222	222	220	220	205	237	209	225	146	172	177	193	138	154	336	406
NS_OP_14_0219	238	258	161	193	270	282	201	233	182	234	220	222	221	279	209	237	152	172	177	193	154	156	308	320
NS_OP_14_0224	250	266	115	155	254	262	201	233	202	234	220	236	229	237	185	221	142	164	177	213	138	154	324	380
NS_OP_14_0225	278	282	115	177	248	250	199	203	182	218	220	220	193	275	209	229	142	146	177	177	138	154	312	344
NS_OP_14_0226	258	278	115	219	262	262	201	233	230	238	228	236	205	233	181	229	138	164	177	189	138	154	344	344
NS_OP_14_0228	242	242	115	137	262	266	201	233	230	238	222	236	221	299	205	225	146	184	161	165	134	160	316	340
NS_OP_14_0230	270	274	187	235	214	254	201	227	218	226	220	228	205	229	181	229	142	152	197	217	134	134	308	316
NS_OP_14_0231	242	278	161	161	266	270	199	227	230	234	212	220	193	275	269	273	142	152	165	217	134	156	316	336
NS_OP_14_0235	218	262	161	241	242	258	201	233	190	218	220	222	237	299	213	237	152	164	161	177	138	154	272	392
NS_OP_14_0237	254	286	155	157	270	270	201	233	230	234	206	236	193	205	241	269	142	168	189	193	134	138	308	312
NS_OP_14_0240	258	270	191	223	206	222	201	201	194	222	220	236	197	209	225	277	146	168	193	197	154	160	236	376
NS_OP_14_0251	250	266	205	269	238	250	199	205	182	230	206	220	193	205	201	229	138	152	193	193	138	158	312	410
NS_OP_14_0252	250	258	115	181	210	270	199	205	202	202	220	228	221	233	229	277	130	152	189	193	138	156	324	392
NS_OP_14_0254	218	270	135	195	248	286	207	237	182	230	220	236	205	233	177	249	146	168	177	177	138	138	184	340
NS_OP_14_0257	200	250	189	197	218	250	233	237	214	234	220	220	205	237	209	229	134	138	161	193	134	154	316	348
NS_OP_14_0261	200	270	161	191	230	248	199	227	182	222	220	222	193	229	209	241	142	164	189	193	154	154	304	308
NS_OP_14_0263	234	242	193	235	234	254	201	233	186	230	220	220	205	299	205	241	168	184	177	189	138	160	184	380
NS_OP_14_0264	234	254	191	245	172	266	199	201	218	230	206	220	209	221	229	233	134	152	189	193	138	156	292	344
NS_OP_14_0265	238	270	135	235	172	250	201	237	194	230	222	222	201	233	233	245	164	164	177	177	154	154	244	348
NS_OP_14_0266	242	250	137	191	250	250	199	227	202	230	206	220	189	205	177	233	152	164	193	197	138	154	188	316
NS_OP_14_0267	242	254	181	219	234	250	199	227	182	226	220	222	221	221	209	249	142	164	177	177	154	154	184	336
NS_OP_14_0268	258	274	137	193	206	210	201	233	190	202	210	228	205	229	189	225	134	146	177	177	138	138	332	380
NS_OP_14_0269	242	242	195	233	222	288	201	205	214	230	228	236	197	221	237	269	142	164	177	213	138	154	348	414
NS_OP_14_0270	234	274	115	189	244	256	201	233	198	226	220	228	205	233	249	249	142	152	165	177	154	154	188	360
NS_OP_14_0272	274	282	203	243	250	270	193	201	218	234	220	222	189	273	237	265	138	142	193	193	138	162	284	312
NS_OP_14_0274	258	262	181	253	230	234	221	233	198	198	206	222	193	205	221	237	142	164	177	177	138	162	256	320
NS_OP_14_0277	238	242	181	201	214	262	207	237	202	230	206	236	197	233	237	269	146	164	189	193	138	154	188	296
NS_OP_14_0278	254	278	115	193	262	266	199	201	218	226	212	220	221	287	205	217	142	164	193	217	134	154	188	360
NS_OP_14_0280	218	278	161	193	242	262	203	227	170	194	220	222	193	221	225	269	134	146	165	193	154	160	316	320
NS_OP_14_0281	242	242	115	181	266	282	199	199	186	230	222	228	233	283	177	181	146	160	177	177	142	160	352	388
NS_OP_14_0286	254	270	115	141	222	248	221	237	218	218	206	222	237	275	241	245	138	164	189	193	138	160	308	308
NS_OP_14_0287	254	286	173	201	254	270	207	219	218	230	222	236	225	229	177	241	138	142	165	193	154	156	284	320
NS_OP_14_0288	242	242	115	115	172	206	201	205	186	222	220	220	197	213	181	205	168	242	165	177	138	138	236	406
NS_OP_14_0290	258	278	115	165	244	258	233	237	186	218	220	222	205	221	209	233	134	164	177	193	134	156	280	392
NS_OP_14_0291	258	270	191	239	218	234	201	221	202	226	220	220	205	237	197	209	138	146	193	217	138	154	336	344
NS_OP_14_0292	254	258	181	207	262	266	207	233	226	230	220	236	205	279	229	269	134	142	177	177	138	138	312	348
NS_OP_14_0293	242	270	119	137	182	250	199	203	190	194	228	236	229	233	237	273	146	184	177	177	154	162	244	308
NS_OP_14_0294	270	270	181	201	250	256	201	201	202	222	222	222	221	225	233	249	138	164	177	193	138	154	312	340
NS_OP_14_0296	262	270	119	137	250	250	199	205	190	226	206	228	229	233	229	237	146	164	177	189	138	154	312	320
NS_OP_14_0299	238	238	201	227	250	254	201	207	170	222	222	236	205	287	229	297	142	164	165	165	138	156	320	340
NS_OP_14_0300	270	286	197	235	262	262	197	233	230	230	222	236	193	221	237	249	138	152	161	193	154	154	348	352
NS_OP_14_0301	200	250	115	189	248	250	201	201	182	230	228	236	205	221	229	273	142	184	177	193	138	138	268	336
NS_OP_14_0303	234	290	119	161	248	250	201	201	202	230	220	222	201	229	229	233	142	152	177	189	134	154	304	336
NS_OP_14_0304	242	262	153	161	240	262	201	205	190	222	212	220	193	221	209	241	142	146	177	197	138	154	340	344
NS_OP_14_0305	250	266	177	187	242	250	201	237	198	234	220	222	287	287	233	261	152	168	177	177	154	162	324	356
NS_OP_14_0306	242	294	157	227	242	242	199	201	222	222	236	236	197	229	181	217	146	168	193	197	160	160	336	340
NS_OP_14_0311	234	242	189	269	244	266	201	233	170	198	220	222	201	275	229	249	138	142	165	177	138	154	352	356
NS_OP_14_0312	246	246	189	193	246	262	199	237	222	230	206	224	201	233	205	237	138	160	161	177	138	160	284	320
NS_OP_14_0314	242	270	135	137	250	250	199	227	182	198	206	220	193	233	209	249	164	176	165	193	154	154	344	348
NS_OP_14_0316	226	238	115	187	244	262	205	219	186	218	216	220	221	229	233	253	152	164	189	193	138	154	320	332
NS_OP_14_0321	258	266	161	201	206	218	201	219	214	234	206	206	233	233	221	233	134	168	165	197	138	158	324	388
NS_OP_14_0322	242	242	185	219	254	282	199	227	218	226	206	228	201	205	181	181	134	184	189	189	134	138	244	336
NS_OP_14_0324	246	254	137	227	266	274	227	227	198	226	220	220	221	273	237	241	134	142	193	193	134	138	188	344
NS_OP_14_0326	262	266	115	235	234	270	193	221	186	230	220	222	205	229	233	237	134	152	177	177	154	154	340	352
NS_OP_14_0327	258	294	137	177	206	240	199	237	230	230	220	228	197	275	181	237	138	138	177	193	154	160	244	340
NS_OP_14_0328	250	278	161	173	250	254	199	199	222	234	206	220	221	275	221	229	142	146	177	177	154	160	236	308
NS_OP_14_0334	254	286	135	135	222	266	193	199	226	234	216	228	193	205	237	261	134	146	177	189	138	166	184	280
NS_OP_14_0335	258	278	115	177	240	266	203	233	194	222	206	220	205	229	213	261	138	152	177	177	138	154	284	296
NS_OP_14_0336	238	270	191	235	234	266	199	201	190	202	212	220	229	233	257	261	152	152	177	189	154	156	288	320
NS_OP_14_0339	200	270	137	219	266	266	201	205	190	230	206	210	221	225	181	213	134	164	177	197	134	138	316	340
NS_OP_14_0344	234	270	235	241	222	248	201	237	182	234	212	236	225	295	221	297	134	138	165	177	138	160	292	336
NS_OP_14_0349	200	266	191	235	250	274	193	201	186	194	220	222	201	275	221	277	152	164	165	217	138	154	336	360
NS_OP_14_0350	238	270	137	177	206	242	205	233	218	230	228	236	229	237	233	297	138	164	189	217	138	154	304	340
NS_OP_14_0351	250	270	137	177	172	248	199	227	222	226	222	222	201	205	225	237	142	164	193	197	138	162	188	332
NS_OP_14_0352	242	250	161	197	234	262	227	233	230	230	220	228	225	233	233	237	152	164	161	193	134	154	348	360
NS_OP_14_0353	250	286	115	165	244	250	199	221	190	202	206	220	205	237	229	241	164	172	177	177	154	160	288	356
NS_OP_14_0355	254	270	155	181	262	266	193	197	202	230	220	236	193	205	237	237	134	152	177	193	138	154	312	348
NS_OP_14_0357	200	234	115	161	250	266	201	221	202	206	212	220	201	237	217	229	152	168	193	197	138	138	340	352
NS_OP_14_0359	262	290	161	191	262	274	233	237	186	190	206	220	193	237	225	297	152	212	193	193	156	162	312	336
NS_OP_14_0360	258	278	193	227	242	266	193	237	186	218	220	220	201	233	205	229	142	142	189	217	138	138	268	316
NS_OP_14_0365	218	242	137	153	222	242	207	233	190	222	220	236	205	237	217	229	146	146	177	189	138	154	340	376
NS_OP_14_0369	238	250	161	235	206	250	199	237	202	222	222	236	197	205	257	273	138	156	177	189	134	138	256	340
NS_OP_14_0374	200	274	197	235	244	256	233	237	186	238	220	222	209	233	233	265	134	160	177	193	134	154	336	392
NS_OP_14_0375	242	254	115	235	214	244	205	205	194	222	220	224	205	287	237	277	152	160	193	193	138	154	264	336
NS_OP_14_0377	242	258	115	165	244	250	199	205	186	202	220	222	229	241	237	237	142	146	189	193	138	154	316	320
NS_OP_14_0378	254	278	115	181	262	266	193	201	194	198	206	206	205	213	205	249	138	152	177	177	138	154	188	414
NS_OP_14_0379	270	290	115	191	250	262	201	221	162	182	220	228	279	291	205	249	168	176	177	177	138	158	344	402
NS_OP_14_0380	246	262	197	235	236	250	201	233	194	194	220	220	205	275	237	277	152	168	177	189	134	154	316	344
NS_OP_14_0385	242	270	137	189	250	262	193	205	226	230	206	222	205	233	181	273	160	164	165	177	154	162	320	332
NS_OP_14_0393	266	270	159	197	248	252	221	227	190	190	212	220	205	275	241	249	138	152	165	177	138	160	188	276
NS_OP_14_0394	270	270	135	137	244	250	201	237	194	198	222	222	193	201	233	257	164	164	165	177	154	154	320	348
NS_OP_14_0395	258	290	177	191	250	266	221	233	198	226	206	236	209	221	241	277	142	160	161	177	154	154	188	332
NS_OP_14_0400	242	270	157	181	242	286	201	201	222	230	220	222	193	283	237	249	134	142	177	189	138	154	304	340
NS_OP_14_0404	254	270	135	181	244	288	193	237	190	218	212	212	221	275	181	245	138	142	177	193	138	138	308	340
NS_OP_14_0411	200	242	191	205	248	262	199	237	218	222	222	228	205	237	277	277	160	184	193	193	138	138	184	320
NS_OP_14_0417	200	254	161	177	230	248	199	227	182	218	220	220	193	229	241	277	142	146	189	193	154	154	308	312
NS_OP_14_0422	242	290	115	115	242	274	199	241	182	194	220	236	193	221	209	245	152	160	165	177	138	154	360	414
NS_OP_14_0423	238	274	137	169	242	250	205	237	186	186	220	220	209	233	265	277	134	146	177	193	134	134	336	392
NS_OP_14_0424	246	278	177	227	242	244	193	237	206	230	220	236	205	233	237	261	168	184	165	189	134	154	184	244
NS_OP_14_0430	242	242	137	205	236	250	199	227	230	230	206	220	233	233	233	273	134	138	193	193	138	154	312	410
NS_OP_14_0432	242	290	115	173	222	262	221	237	170	230	206	236	189	221	237	273	134	142	177	177	154	154	188	352
NS_OP_14_0433	270	274	115	193	210	250	201	207	170	170	212	236	205	275	173	209	138	152	177	177	134	138	336	340
NS_OP_14_0435	250	278	115	191	248	288	199	233	170	234	220	236	205	237	181	237	152	160	177	193	138	138	308	340
NS_OP_14_0436	246	270	137	197	262	266	201	227	226	234	236	236	193	197	221	229	142	152	193	193	138	154	252	308
NS_OP_14_0437	258	278	137	199	230	270	199	229	202	202	206	206	193	205	257	277	138	142	189	201	138	154	188	316
NS_OP_14_0438	250	274	161	191	262	266	199	205	190	190	222	236	197	221	209	225	142	152	197	197	154	154	344	352
NS_OP_14_0439	242	286	193	233	230	248	199	237	230	230	206	220	205	275	225	233	152	152	177	193	134	154	332	336
NS_OP_14_0441	250	290	181	257	248	266	203	233	190	202	218	236	197	221	273	277	138	172	165	189	138	138	280	344
NS_OP_14_0442	270	274	137	191	250	250	201	227	186	198	222	236	221	233	201	209	152	164	177	193	138	154	244	268
NS_OP_14_0447	238	246	197	219	230	266	199	207	226	230	206	220	197	205	221	229	142	152	177	193	138	154	300	308
NS_OP_14_0448	234	278	193	197	254	266	199	227	222	234	220	220	205	287	209	317	134	142	177	197	138	154	268	320
NS_OP_14_0452	258	290	135	187	240	266	199	205	230	230	222	222	225	299	213	297	142	164	189	213	138	154	280	316
NS_OP_14_0454	234	238	191	219	222	262	193	199	182	230	222	228	205	229	201	229	146	164	193	193	154	160	344	352
NS_OP_14_0456	250	250	115	219	234	254	199	237	202	222	220	222	205	221	209	269	138	142	177	177	138	154	308	316
NS_OP_14_0460	238	266	161	191	244	266	201	227	190	226	218	220	233	237	225	237	146	152	177	217	160	160	336	344
NS_OP_14_0461	234	258	135	199	274	288	199	201	198	218	222	222	273	275	237	237	164	168	165	177	134	160	324	348
NS_OP_14_0465	258	266	115	227	234	250	199	201	222	234	222	228	233	237	229	233	156	156	165	189	138	154	184	188
NS_OP_14_0466	200	242	159	181	242	248	199	201	222	226	220	220	193	221	209	237	134	142	177	189	154	160	304	304
NS_OP_14_0467	262	278	135	181	222	250	229	237	222	234	220	236	275	275	229	249	138	160	193	213	134	138	296	372
NS_OP_14_0468	270	290	137	157	206	248	197	205	202	202	220	222	205	229	257	297	146	152	177	189	138	158	280	344
NS_OP_14_0470	258	262	115	177	222	244	199	199	190	230	206	220	205	237	249	273	134	142	161	193	138	154	280	356
NS_OP_14_0473	238	266	181	241	250	266	207	233	202	218	220	228	193	205	217	233	134	152	177	177	134	154	348	356
NS_OP_14_0474	266	278	115	181	244	250	199	203	186	230	220	222	193	205	229	233	152	164	165	165	134	154	336	336
NS_OP_14_0475	242	242	137	219	236	286	201	205	190	226	212	236	205	237	237	241	142	164	177	193	138	158	244	256
NS_OP_14_0479	218	242	191	207	258	270	227	233	230	230	206	206	209	213	177	229	138	160	161	197	134	154	236	324
NS_OP_14_0482	200	238	185	199	244	266	221	237	170	226	206	236	233	233	249	257	142	152	193	213	134	154	348	348
NS_OP_14_0483	270	278	165	245	250	282	199	205	230	234	220	228	193	237	237	237	142	176	189	193	138	154	280	320
NS_OP_14_0485	258	278	135	235	250	288	201	205	186	222	222	236	193	213	261	277	134	164	177	193	134	154	332	336
NS_OP_14_0488	258	266	137	161	250	282	201	227	210	230	222	222	283	283	273	277	152	152	177	217	154	154	316	332
NS_OP_14_0489	242	266	135	153	246	270	201	205	218	230	220	222	205	299	177	237	164	176	165	193	138	154	332	348
NS_OP_14_0490	242	266	115	159	248	254	201	201	202	234	212	220	193	229	221	249	142	164	189	213	138	154	304	380
NS_OP_14_0493	242	250	115	135	240	242	199	233	186	222	220	226	197	287	213	249	134	168	193	193	154	154	284	324
NS_OP_14_0495	238	282	115	219	266	266	199	201	202	230	228	228	233	237	181	217	146	152	165	177	154	162	284	410
NS_OP_14_0496	250	258	159	227	244	250	201	205	214	234	220	236	205	287	257	273	134	152	165	165	134	154	288	332
NS_OP_14_0497	258	266	181	233	240	250	201	237	194	234	226	228	197	205	177	209	134	168	161	161	154	160	316	372
NS_OP_14_0506	238	274	161	235	214	250	199	201	186	198	220	220	193	295	209	225	138	142	165	193	138	154	320	348
NS_OP_14_0508	238	254	115	181	254	266	201	201	190	218	220	220	209	275	233	233	142	164	177	189	138	154	312	344
NS_OP_14_0511	250	274	135	173	240	254	201	203	182	230	222	228	221	275	221	261	164	184	177	193	138	162	296	406
NS_OP_14_0514	242	286	153	253	206	240	199	201	222	230	212	222	193	221	209	237	146	160	177	193	138	154	316	332
NS_OP_14_0520	262	278	115	177	274	288	199	237	186	230	220	222	197	205	213	277	134	142	165	165	134	154	188	336
NS_OP_14_0522	200	266	137	181	238	258	201	205	174	226	220	220	193	201	225	245	138	152	177	177	154	154	304	336
NS_OP_14_0527	200	242	193	231	206	266	199	201	198	230	222	236	205	205	257	273	152	160	177	193	154	156	284	352
NS_OP_14_0532	258	270	115	181	246	270	201	227	186	214	220	222	221	221	257	261	138	152	161	177	138	154	296	340
NS_OP_14_0533	242	278	115	153	266	270	201	229	218	222	220	222	197	299	177	237	138	176	161	193	154	154	332	340
NS_OP_14_0536	234	270	115	137	250	254	199	199	230	230	220	222	189	205	173	225	134	152	177	177	154	154	320	336
NS_OP_14_0538	250	274	191	191	214	266	199	205	186	190	220	236	205	221	209	241	152	164	177	197	154	154	184	352
NS_OP_14_0547	242	250	159	207	244	262	201	227	210	222	222	222	229	283	229	233	152	152	177	217	134	160	264	312
NS_OP_14_0549	250	258	115	199	262	282	199	221	218	222	220	220	201	233	241	249	138	164	177	197	138	160	188	344
NS_OP_14_0551	218	282	115	181	234	240	201	201	182	222	220	222	193	205	237	253	134	142	189	193	138	166	272	352
NS_OP_14_0552	258	282	165	245	248	266	201	203	218	230	206	220	225	229	229	237	138	142	177	193	138	156	236	328
NS_OP_14_0555	270	274	191	207	270	282	221	233	190	230	220	236	193	209	261	269	134	142	177	189	138	154	312	348
NS_OP_14_0558	258	286	135	161	270	278	205	227	222	230	218	222	205	237	233	245	176	200	193	193	154	154	328	336
NS_OP_14_0562	254	270	173	191	250	254	207	221	222	230	222	236	193	233	177	225	142	168	165	177	154	154	320	348
NS_OP_14_0568	238	270	135	137	244	250	201	207	194	198	218	222	205	233	233	245	138	164	165	177	154	154	320	348
NS_OP_14_0571	234	278	191	191	254	270	201	237	202	226	222	228	213	287	237	237	0	0	0	0	0	0	308	336
NS_OP_14_0574	242	278	161	235	240	250	221	237	186	230	222	224	237	275	221	277	168	168	177	189	154	160	348	360
NS_OP_14_0583	254	258	193	227	230	250	199	203	218	234	210	220	189	275	177	269	138	142	177	193	138	138	308	316
NS_OP_14_0584	234	254	227	235	250	286	201	203	182	194	222	222	221	233	249	249	146	164	177	177	138	154	332	336
NS_OP_14_0587	238	270	169	239	250	288	201	203	214	234	220	236	221	229	209	221	164	176	177	217	134	154	252	320
NS_OP_14_0588	254	286	197	253	222	278	233	237	214	230	222	228	221	221	209	237	138	160	165	177	138	154	276	332
NS_OP_14_0589	246	294	191	193	206	250	201	203	198	226	218	220	213	233	209	237	142	224	165	193	134	154	316	352
NS_OP_14_0594	242	282	201	205	262	262	201	233	230	230	220	228	193	213	229	241	134	134	177	193	138	138	414	414
NS_OP_14_0598	200	266	161	201	230	248	201	201	198	230	228	228	225	233	205	245	134	168	177	193	154	154	296	356
NS_OP_14_0603	250	290	157	197	256	282	201	227	190	222	228	236	237	287	209	249	152	164	193	197	138	160	284	352
NS_OP_14_0605	234	274	191	207	250	270	199	233	202	230	220	222	193	205	225	269	142	142	177	177	138	162	312	348
NS_OP_14_0607	242	270	203	205	250	286	199	203	190	202	214	220	193	201	201	313	138	164	189	193	138	154	256	308
NS_OP_14_0608	200	266	165	207	222	250	207	233	198	218	222	228	209	279	241	285	164	184	177	177	134	138	304	336
NS_OP_14_0615	242	258	115	137	266	270	199	207	186	222	220	222	229	273	257	277	142	164	165	177	154	154	340	344
NS_OP_14_0618	246	250	157	193	210	266	205	237	222	226	228	236	237	245	249	269	146	152	177	177	134	138	236	376
NS_OP_14_0619	242	262	161	247	236	244	199	199	186	238	220	220	197	197	181	181	160	176	189	189	134	138	272	344
NS_OP_14_0621	200	262	189	219	242	274	201	233	190	234	220	228	205	221	241	257	160	164	165	177	134	134	184	406
NS_OP_14_0622	278	278	141	193	242	250	199	201	170	202	222	222	221	237	241	285	142	164	177	193	154	156	324	398
NS_OP_14_0627	258	266	115	197	244	262	199	203	222	226	206	220	221	225	237	257	168	196	177	189	154	160	352	360
NS_OP_14_0629	258	266	161	163	242	270	227	237	218	230	222	236	283	287	213	241	142	164	165	193	154	154	316	406
NS_OP_14_0631	254	254	189	193	250	288	205	233	194	226	220	228	213	225	205	249	152	160	177	217	154	158	280	324
NS_OP_14_0636	200	254	115	195	230	242	201	227	182	218	222	228	221	229	205	217	142	160	189	193	138	154	320	328
NS_OP_14_0637	246	270	115	201	242	278	199	233	198	214	220	222	229	291	209	273	142	152	165	189	138	154	336	344
NS_OP_14_0641	258	262	161	181	266	278	233	233	222	226	220	220	233	275	213	217	142	164	177	193	134	154	324	324
NS_OP_14_0643	258	282	115	193	250	270	201	233	182	222	206	236	279	279	213	241	152	172	177	193	154	156	304	356
NS_OP_14_0644	242	242	115	219	240	250	203	237	190	230	222	228	197	287	237	269	152	180	189	193	134	154	188	344
NS_OP_14_0653	238	278	115	187	218	286	199	201	226	226	206	220	197	233	229	261	134	224	189	197	154	154	324	398
NS_OP_14_0654	254	258	187	207	250	266	199	201	202	222	222	222	221	275	233	257	138	152	177	193	138	154	188	280
NS_OP_14_0658	242	266	187	237	250	266	193	199	198	222	228	228	193	213	257	289	142	164	177	193	138	166	316	332
NS_OP_14_0663	250	270	165	233	242	270	193	201	218	234	220	236	221	229	177	221	168	176	217	217	154	154	280	320
NS_OP_14_0664	258	262	181	193	266	274	233	233	190	234	212	222	201	229	205	249	142	142	177	177	138	138	316	332
NS_OP_14_0665	234	258	115	235	234	266	201	201	182	218	220	228	221	283	229	269	142	164	177	177	154	154	272	304
NS_OP_14_0668	242	266	157	177	244	254	201	205	190	218	220	236	197	221	217	241	152	152	177	177	138	162	344	406
NS_OP_14_0669	200	242	115	195	230	242	199	201	186	218	222	236	221	229	205	261	152	152	161	177	138	154	244	312
NS_OP_14_0676	200	254	185	219	242	256	199	227	218	230	222	236	213	237	185	261	184	184	177	189	138	154	320	340
NS_OP_14_0677	278	290	161	177	248	256	193	237	198	230	222	228	205	221	245	249	142	146	177	177	154	154	280	426
NS_OP_14_0680	238	262	163	219	250	262	227	233	194	234	228	236	229	229	241	257	164	164	177	193	154	156	300	352
NS_OP_14_0681	250	278	115	181	254	266	193	199	170	222	218	236	197	197	213	237	142	172	177	197	138	138	184	320
NS_OP_14_0683	250	290	189	193	248	266	201	233	202	222	220	220	237	237	209	225	146	152	177	189	138	138	184	336
NS_OP_14_0687	242	274	181	197	238	266	193	205	190	230	220	222	209	291	177	217	152	164	177	193	138	160	272	352
NS_OP_14_0688	234	262	161	227	172	234	201	205	182	230	236	236	193	233	229	257	152	184	177	177	138	138	296	304
NS_OP_14_0691	278	290	187	219	240	250	207	227	222	230	222	236	197	205	237	269	152	152	189	193	154	162	340	344
NS_OP_14_0692	238	242	137	219	266	266	199	205	222	230	222	236	229	241	225	229	142	142	177	193	138	154	184	244
NS_OP_14_0693	200	258	137	181	206	288	201	227	202	230	220	236	205	229	237	273	152	184	177	193	138	138	188	344
NS_OP_14_0695	270	290	139	139	210	234	201	203	190	214	220	222	197	237	241	261	142	168	177	197	154	154	240	332
NS_OP_14_0702	200	242	157	235	248	274	201	233	186	222	220	222	193	205	209	257	134	160	165	189	134	138	288	304
NS_OP_14_0703	242	250	161	191	206	244	199	205	182	198	222	228	189	205	205	229	164	172	177	177	138	138	316	324
NS_OP_14_0704	234	250	115	187	242	250	205	221	186	230	220	224	201	287	185	265	134	142	197	197	134	138	280	348
NS_OP_14_0705	258	278	161	195	248	266	201	227	222	230	222	222	205	237	237	245	146	168	161	189	154	154	308	336
NS_OP_14_0708	270	282	185	203	266	286	199	201	190	202	220	222	193	201	201	313	138	164	177	193	134	142	276	410
NS_OP_14_0724	234	242	153	253	214	250	199	227	190	226	220	222	209	233	209	253	134	168	177	197	154	154	344	392
NS_OP_14_0725	242	258	115	119	244	282	203	221	182	202	220	220	233	237	209	249	130	142	189	189	138	156	324	344
NS_OP_14_0726	258	286	115	139	230	266	233	233	186	210	222	222	189	225	181	261	152	242	165	193	138	138	276	304
NS_OP_14_0729	242	270	159	189	256	262	199	203	190	230	206	220	233	279	237	273	142	164	177	189	154	154	320	324
NS_OP_14_0731	242	250	193	193	206	270	199	201	222	230	220	236	193	221	177	217	152	156	177	193	154	160	188	348
NS_OP_14_0737	242	262	159	197	172	236	201	205	190	206	206	236	193	205	249	261	142	142	165	185	154	156	188	324
NS_OP_14_0740	238	242	187	191	222	288	199	227	222	226	218	222	205	221	177	277	138	160	165	165	134	160	184	268
NS_OP_14_0741	218	242	155	177	254	262	199	233	206	234	222	226	193	291	229	241	134	146	177	193	154	154	316	316
NS_OP_14_0743	242	258	219	227	262	262	201	219	174	234	218	222	233	237	229	241	134	172	165	193	154	166	304	348
NS_OP_14_0744	210	246	135	135	244	254	189	227	194	222	214	220	233	233	205	237	164	164	177	177	154	160	188	188
NS_OP_14_0749	242	274	115	241	250	252	201	233	170	186	212	220	205	205	205	237	152	164	177	197	138	138	312	336
NS_OP_14_0751	246	286	161	181	234	244	199	233	222	230	220	220	189	201	173	277	142	146	177	197	138	162	304	348
NS_OP_14_0754	226	234	115	181	244	250	205	219	202	218	212	236	221	233	257	297	152	164	165	189	138	154	320	332
NS_OP_14_0755	246	258	161	181	230	266	201	207	222	230	220	222	221	273	213	229	138	146	177	177	138	154	344	352
NS_OP_14_0756	238	258	181	193	222	262	199	199	198	214	220	228	193	205	205	217	142	156	177	197	134	138	296	316
NS_OP_14_0759	242	242	161	191	266	266	199	221	222	234	228	236	213	229	217	249	142	164	177	189	138	154	280	340
NS_OP_14_0760	238	278	165	227	230	250	199	203	186	230	228	236	197	205	205	233	152	152	177	193	138	154	340	414
NS_OP_14_0762	242	266	191	201	234	250	201	207	230	234	206	220	205	209	177	181	134	142	189	217	154	154	252	360
NS_OP_14_0764	242	250	161	181	206	282	199	201	186	222	206	222	233	233	217	257	164	180	165	177	134	138	316	332
NS_OP_14_0765	258	258	119	181	214	282	227	227	182	252	214	218	209	221	237	277	142	204	177	193	138	160	188	426
NS_OP_14_0767	218	238	161	211	242	242	199	201	186	186	220	222	189	229	257	269	146	152	177	185	138	154	320	348
NS_OP_14_0768	242	278	119	207	264	288	199	237	230	230	222	222	193	193	241	249	184	184	177	177	154	166	252	344
NS_OP_14_0001	238	270	161	169	248	282	201	233	198	202	206	214	205	233	177	237	160	164	177	177	138	156	320	352
NS_OP_14_0004	258	266	181	201	222	278	201	201	190	198	206	220	205	229	177	261	152	160	177	193	154	154	252	312
NS_OP_14_0005	242	242	137	235	244	278	203	233	198	222	212	222	193	205	257	265	152	160	177	193	154	154	320	352
NS_OP_14_0006	258	258	185	191	250	266	201	237	198	222	206	220	213	237	221	297	152	172	177	193	138	154	336	388
NS_OP_14_0007	278	278	161	165	242	282	199	227	194	234	212	220	189	275	201	257	134	142	177	217	138	160	188	414
NS_OP_14_0010	234	278	191	197	246	286	227	233	186	190	206	220	205	209	249	249	142	156	177	193	138	138	236	316
NS_OP_14_0012	250	278	157	235	234	256	201	227	190	222	220	236	225	287	209	249	152	164	193	197	138	160	284	352
NS_OP_14_0014	262	270	119	159	182	250	205	233	190	194	228	236	229	233	181	229	146	164	177	189	154	162	244	308
NS_OP_14_0016	242	242	181	193	234	234	201	229	222	222	220	228	205	205	209	241	152	172	165	177	138	138	236	340
NS_OP_14_0017	200	270	201	219	262	286	205	227	202	218	206	228	205	229	181	261	152	152	177	193	154	162	344	356
NS_OP_14_0018	200	250	115	115	222	270	193	233	178	226	222	236	229	275	177	209	138	152	189	189	138	154	296	336
NS_OP_14_0019	258	274	185	187	214	266	205	227	222	230	206	228	193	229	209	277	138	164	165	177	138	154	184	348
NS_OP_14_0021	270	274	115	235	206	250	227	237	170	170	212	226	221	275	237	257	138	152	177	177	134	138	184	316
NS_OP_14_0023	242	286	177	193	244	250	227	233	202	222	206	220	205	229	229	237	160	168	165	193	160	160	320	336
NS_OP_14_0027	238	270	137	233	250	254	207	227	218	226	212	222	221	233	177	233	134	142	177	197	154	154	340	344
NS_OP_14_0029	238	278	115	191	254	266	199	201	190	198	220	236	221	225	205	273	152	152	165	177	154	154	336	414
NS_OP_14_0030	242	258	137	181	206	262	227	233	218	226	206	236	197	241	221	257	142	146	177	193	134	154	308	316
NS_OP_14_0031	238	278	115	227	254	266	199	201	190	198	206	220	213	275	205	273	142	152	165	177	138	138	336	414
NS_OP_14_0032	242	262	161	173	222	282	233	237	186	234	206	220	189	197	225	261	164	184	193	193	138	154	328	332
NS_OP_14_0034	246	270	115	191	218	278	207	233	198	234	206	226	209	221	233	257	160	184	189	193	138	154	188	426
NS_OP_14_0035	258	270	115	189	254	266	199	207	194	218	210	228	205	233	177	241	164	168	161	177	138	154	184	184
NS_OP_14_0036	266	278	115	219	230	262	207	233	198	226	206	212	205	205	181	209	138	146	165	177	134	138	344	344
NS_OP_14_0039	200	250	115	165	240	270	193	227	186	190	222	222	229	275	209	217	134	146	177	193	138	154	336	348
NS_OP_14_0042	200	258	181	235	252	258	199	201	230	238	220	222	197	233	257	269	138	138	189	201	154	162	252	344
NS_OP_14_0043	258	266	137	197	242	252	201	201	190	222	222	236	205	233	209	245	142	172	165	177	138	154	280	320
NS_OP_14_0044	242	242	193	223	234	248	199	233	186	222	206	222	205	283	205	261	142	152	165	177	138	138	320	324
NS_OP_14_0045	238	242	191	193	250	266	193	199	178	226	206	220	221	275	249	261	152	152	165	177	138	138	244	332
NS_OP_14_0046	258	270	115	153	248	266	199	233	218	222	220	236	233	275	225	233	138	142	177	193	154	154	324	410
NS_OP_14_0048	242	266	115	157	254	286	199	201	202	234	222	236	193	229	221	249	142	164	177	177	138	154	340	414
NS_OP_14_0049	258	290	161	193	234	254	201	227	194	202	220	220	205	237	229	297	146	152	193	193	154	154	308	336
NS_OP_14_0052	200	258	193	219	262	286	199	233	218	234	220	226	229	229	245	261	156	156	177	189	138	154	252	336
NS_OP_14_0053	200	242	185	199	252	286	207	237	218	230	222	228	205	229	181	257	138	164	161	165	154	154	188	236
NS_OP_14_0054	218	234	165	187	250	250	207	237	218	234	220	224	201	201	233	269	142	164	193	197	138	154	184	336
NS_OP_14_0056	254	278	161	181	210	234	199	221	190	234	220	236	205	233	173	229	134	142	165	181	138	154	316	336
NS_OP_14_0060	266	294	161	191	240	250	199	199	218	230	220	228	221	225	181	285	138	164	177	217	134	160	284	328
NS_OP_14_0061	258	270	161	193	248	256	201	219	170	174	206	212	237	287	181	285	152	152	165	177	138	154	316	352
NS_OP_14_0062	242	286	115	137	206	282	219	233	186	198	220	222	209	209	185	237	138	164	177	177	138	154	336	352
NS_OP_14_0063	242	266	115	159	254	286	199	201	202	230	212	222	193	229	221	249	164	164	189	213	154	154	340	414
NS_OP_14_0064	266	282	177	229	214	254	199	201	218	230	220	236	193	205	177	237	146	176	177	177	138	154	296	348
NS_OP_14_0065	246	270	177	253	214	222	221	227	182	202	206	214	201	237	213	229	152	160	165	193	138	160	312	320
NS_OP_14_0066	242	270	115	181	266	270	201	201	170	230	236	236	205	225	213	233	138	164	165	177	138	154	344	418
NS_OP_14_0068	242	274	181	191	266	266	203	233	190	222	220	228	237	275	209	213	152	152	177	193	138	154	324	348
NS_OP_14_0070	258	270	219	231	214	222	199	233	182	190	206	220	205	229	213	273	142	168	177	193	138	138	312	340
NS_OP_14_0071	266	270	161	235	222	242	193	227	182	222	236	236	193	201	177	229	152	168	177	189	134	138	312	316
NS_OP_14_0072	242	286	115	189	234	258	199	203	226	226	206	206	229	233	241	285	152	164	177	193	134	138	264	352
NS_OP_14_0073	234	242	189	235	250	254	233	233	186	226	228	236	221	229	177	209	146	164	189	193	138	154	344	406
NS_OP_14_0075	242	266	197	245	250	266	205	227	222	230	228	228	193	205	209	289	142	152	177	193	138	166	316	324
NS_OP_14_0076	258	270	161	191	254	266	193	237	198	198	222	236	233	233	241	257	152	160	177	177	134	162	324	348
NS_OP_14_0077	258	278	177	177	250	254	201	219	190	222	222	228	221	237	237	249	142	168	177	193	138	138	316	356
NS_OP_14_0080	200	270	115	227	242	250	193	221	202	234	212	220	201	237	181	217	152	168	193	197	134	154	188	340
NS_OP_14_0081	242	242	201	219	234	282	227	233	186	202	220	220	193	241	205	217	164	176	177	193	134	154	348	352
NS_OP_14_0082	234	286	115	193	234	248	221	237	230	234	222	228	205	205	205	205	142	146	189	193	138	138	296	320
NS_OP_14_0083	242	294	191	197	240	286	199	205	190	222	216	222	197	233	213	237	138	138	177	177	138	154	284	312
NS_OP_14_0085	242	278	133	207	254	274	199	237	230	230	220	220	295	299	209	257	138	152	161	189	138	160	188	312
NS_OP_14_0086	262	266	115	137	230	250	199	233	198	226	212	220	197	233	217	229	142	164	165	193	138	154	256	312
NS_OP_14_0087	242	278	115	181	242	262	199	233	194	218	220	220	209	229	177	229	134	138	177	177	134	138	352	392
NS_OP_14_0088	278	278	115	239	250	250	221	233	234	234	222	222	205	229	233	237	152	168	165	189	138	154	324	392
NS_OP_14_0090	242	278	137	235	234	266	201	201	186	234	222	236	221	299	205	225	130	146	161	189	134	160	184	328
NS_OP_14_0092	200	262	115	135	248	250	201	229	186	198	220	236	221	233	225	237	138	138	189	193	134	138	188	426
NS_OP_14_0093	246	258	157	191	210	266	201	233	222	230	220	228	233	237	205	297	146	172	177	193	138	162	336	418
NS_OP_14_0098	200	254	197	235	244	256	233	237	222	238	220	222	209	233	233	265	146	152	177	193	134	154	312	328
NS_OP_14_0099	242	266	159	233	248	254	199	201	222	234	220	236	221	283	209	269	142	164	189	213	154	154	340	380
NS_OP_14_0100	258	286	197	257	206	222	203	219	230	230	220	220	205	229	237	237	134	164	165	177	138	162	256	328
NS_OP_14_0101	218	286	137	137	250	266	199	205	186	230	222	228	229	229	181	205	134	152	177	213	138	154	312	312
NS_OP_14_0102	266	270	135	195	250	278	199	227	198	218	220	228	221	279	229	237	146	152	177	193	154	160	320	344
NS_OP_14_0104	200	242	137	231	206	240	199	201	230	238	220	228	197	201	237	269	152	168	193	193	138	154	244	328
NS_OP_14_0106	238	266	187	201	240	246	207	229	222	222	206	222	205	233	217	229	142	184	193	197	138	156	280	320
NS_OP_14_0107	218	234	189	235	250	266	203	219	182	194	218	220	205	229	229	241	146	146	177	193	156	162	308	316
NS_OP_14_0108	242	242	153	193	234	242	229	233	194	230	220	220	229	237	209	237	146	152	177	177	154	160	352	376
NS_OP_14_0109	250	290	137	177	250	266	201	227	198	222	206	220	209	275	241	317	152	164	177	189	138	162	312	324
NS_OP_14_0111	250	258	137	165	266	266	199	221	230	230	228	228	229	229	229	249	134	164	177	177	138	138	184	344
NS_OP_14_0112	200	270	161	191	242	248	199	199	218	230	206	220	193	279	241	241	160	164	177	193	154	154	312	348
NS_OP_14_0113	200	290	189	197	230	242	201	233	234	234	222	228	193	233	205	257	142	168	193	193	154	160	340	414
NS_OP_14_0114	242	266	157	233	254	286	201	201	202	230	212	220	229	283	209	269	142	164	177	213	154	154	304	380
NS_OP_14_0116	250	294	115	181	230	262	201	237	218	226	222	222	205	275	217	237	138	152	177	189	138	160	236	336
NS_OP_14_0118	242	250	177	235	242	270	201	219	202	214	212	222	221	279	233	269	164	242	193	197	138	160	312	312
NS_OP_14_0120	250	250	189	219	206	250	201	233	226	226	220	222	229	237	209	229	138	142	193	193	134	138	324	344
NS_OP_14_0122	200	270	115	227	258	266	229	237	198	214	220	222	229	229	233	277	134	142	197	197	138	154	316	320
NS_OP_14_0124	234	270	115	177	248	266	199	203	218	234	220	222	229	237	221	249	164	184	193	193	154	156	312	332
NS_OP_14_0125	246	258	201	205	248	270	199	201	186	230	220	228	201	205	181	209	152	168	177	177	138	154	340	344
NS_OP_14_0126	200	200	115	181	250	266	201	201	190	198	222	228	197	229	213	229	142	160	177	197	138	154	332	344
NS_OP_14_0128	262	278	115	137	266	266	201	237	198	234	206	210	205	233	225	225	142	184	177	193	138	154	188	304
NS_OP_14_0129	242	282	119	185	210	248	201	203	186	214	206	206	205	287	205	205	142	242	189	189	138	160	284	398
NS_OP_14_0131	266	278	161	181	214	250	193	201	222	230	206	222	205	233	217	257	142	180	177	197	138	160	264	316
NS_OP_14_0132	234	242	189	239	248	254	193	237	170	190	212	222	205	221	249	253	142	164	177	177	138	154	304	340
NS_OP_14_0133	238	266	193	219	250	270	207	221	230	230	220	236	221	229	205	233	152	168	193	197	154	160	320	352
NS_OP_14_0134	238	250	189	235	206	242	199	237	182	186	220	228	205	229	173	237	142	164	165	177	134	138	288	406
NS_OP_14_0138	242	278	115	233	250	286	193	227	210	222	220	222	205	225	209	229	134	168	177	177	138	138	336	348
NS_OP_14_0139	242	270	153	237	244	250	201	237	218	234	220	228	287	299	181	181	160	164	165	189	154	156	304	344
NS_OP_14_0141	250	266	115	115	240	248	201	201	202	222	220	222	205	229	229	257	160	168	193	197	138	138	188	308
NS_OP_14_0142	242	250	115	247	214	248	201	227	218	226	220	236	229	283	169	181	152	164	189	217	138	154	280	410
NS_OP_14_0145	242	250	115	197	206	250	201	237	222	222	212	224	193	267	217	265	160	168	177	193	134	160	312	340
NS_OP_14_0150	234	242	163	173	222	234	199	237	210	222	206	206	205	291	233	237	134	164	177	189	154	154	324	332
NS_OP_14_0151	254	278	233	253	206	240	199	237	222	230	214	222	193	205	209	237	134	142	177	189	138	154	316	332
NS_OP_14_0152	242	254	181	197	218	244	205	237	202	226	218	222	205	237	241	281	142	142	193	193	154	154	316	352
NS_OP_14_0156	238	266	137	137	206	250	199	227	202	230	212	218	197	221	209	213	138	142	177	193	154	154	304	332
NS_OP_14_0162	242	286	157	219	262	282	193	201	230	234	216	228	229	283	177	225	138	138	189	193	138	154	328	340
NS_OP_14_0163	200	242	159	199	206	250	201	237	230	234	206	220	205	287	265	277	134	138	165	177	138	138	276	406
NS_OP_14_0164	238	270	135	137	244	250	201	207	190	230	218	222	193	201	209	257	164	164	177	177	154	154	244	320
NS_OP_14_0165	200	282	191	235	250	252	201	207	202	214	220	222	229	237	217	261	146	152	193	197	134	154	188	344
NS_OP_14_0167	218	290	115	137	262	266	201	237	186	194	220	222	193	209	237	245	142	146	165	193	134	138	268	414
NS_OP_14_0169	242	278	235	235	230	256	201	237	202	226	222	226	205	221	173	173	142	168	177	177	138	154	308	340
NS_OP_14_0170	200	258	115	115	248	282	201	219	226	226	222	222	229	229	237	273	134	164	177	193	138	154	308	414
NS_OP_14_0171	242	242	119	119	234	248	201	201	202	230	220	222	209	209	181	205	146	164	165	177	138	154	304	398
NS_OP_14_0175	242	246	115	219	238	242	199	227	170	198	220	222	213	273	257	261	164	200	177	177	138	160	336	352
NS_OP_14_0176	242	250	135	161	234	250	201	205	194	230	222	236	283	287	245	269	138	184	189	197	134	138	188	352
NS_OP_14_0177	242	242	159	173	250	270	201	237	210	222	222	236	189	193	229	261	134	142	177	189	138	154	188	312
NS_OP_14_0178	242	282	161	185	250	250	233	233	230	234	222	228	229	273	205	213	172	172	165	177	134	138	308	410
NS_OP_14_0179	250	274	115	193	206	250	201	227	170	202	212	226	205	221	173	237	138	152	177	189	134	138	184	340
NS_OP_14_0180	238	242	191	239	242	250	201	237	222	222	220	228	193	283	261	273	134	134	189	193	160	162	320	340
NS_OP_14_0181	242	254	115	181	250	270	199	201	218	238	220	222	221	233	233	237	142	160	177	189	138	166	316	340
NS_OP_14_0182	250	266	153	215	172	244	201	227	218	226	222	236	221	229	173	181	142	168	193	217	134	134	280	332
NS_OP_14_0183	234	270	191	191	246	262	201	201	214	226	224	236	221	221	221	249	152	152	177	193	138	154	324	406
NS_OP_14_0184	242	270	219	235	256	282	197	199	230	230	220	222	193	225	185	229	146	160	177	193	138	154	336	352
NS_OP_14_0188	238	242	115	137	230	286	199	203	182	222	212	222	213	221	209	225	142	142	189	193	156	158	360	372
NS_OP_14_0189	242	270	161	235	254	270	199	227	214	230	220	226	205	221	181	257	138	172	177	217	154	154	280	352
NS_OP_14_0192	242	290	135	157	230	234	203	221	210	234	222	222	201	213	237	257	142	164	161	193	138	154	280	392
NS_OP_14_0193	250	290	137	195	250	266	199	199	218	234	222	222	279	283	237	253	142	152	177	193	138	154	336	344
NS_OP_14_0194	266	270	181	249	262	270	201	237	190	226	222	236	229	275	177	245	138	152	177	197	154	154	336	380
NS_OP_14_0196	242	242	191	253	206	250	221	237	198	222	206	228	205	275	181	261	142	168	165	201	134	156	188	292
NS_OP_14_0199	242	266	137	191	240	244	205	237	198	210	220	222	233	233	237	249	142	142	185	217	134	156	280	344
NS_OP_14_0201	238	242	139	193	270	282	201	221	214	230	220	222	279	279	177	285	160	164	165	177	154	156	264	324
NS_OP_14_0202	234	270	177	235	250	278	227	233	170	222	220	222	205	237	225	237	146	168	165	193	138	138	320	380
NS_OP_14_0203	242	270	187	193	238	242	203	221	202	230	206	224	233	237	185	249	138	172	165	185	138	154	236	348
NS_OP_14_0204	242	258	139	197	206	230	207	227	226	226	220	236	197	205	213	221	138	142	193	197	138	154	300	308
NS_OP_14_0205	250	290	137	177	250	266	199	233	198	222	220	220	275	291	233	233	152	164	177	177	154	162	320	332
NS_OP_14_0208	270	294	191	191	242	248	199	199	218	230	220	222	237	279	209	277	160	164	189	193	154	154	308	312
NS_OP_14_0209	226	234	115	235	254	256	201	201	186	222	218	236	225	225	181	237	152	152	177	217	134	134	256	312
NS_OP_14_0212	242	270	191	235	218	262	201	221	222	222	220	222	221	225	225	253	152	184	177	177	134	134	272	312
NS_OP_14_0213	250	262	181	235	210	230	227	233	198	198	206	228	205	291	173	221	138	164	177	193	138	156	256	316
NS_OP_14_0216	274	278	177	201	206	240	205	221	198	238	206	206	189	205	177	241	142	168	193	197	134	138	344	348
NS_OP_14_0217	242	270	135	193	214	258	205	233	170	198	222	228	205	275	213	237	138	164	177	193	138	138	188	340
NS_OP_14_0218	242	242	135	245	250	282	199	201	198	222	220	222	193	233	217	261	152	164	177	193	138	154	264	348
NS_OP_14_0220	250	270	177	177	250	254	201	237	166	186	206	220	205	237	205	237	142	142	177	197	138	160	188	296
NS_OP_14_0221	242	246	177	191	266	286	199	219	170	202	206	222	225	233	209	209	134	152	177	193	134	154	336	352
NS_OP_14_0222	258	258	161	161	250	262	237	237	214	226	210	220	209	229	241	273	138	152	165	177	134	156	320	352
NS_OP_14_0223	258	278	115	193	222	240	205	237	218	222	206	220	229	237	205	261	152	180	161	189	158	162	252	252
NS_OP_14_0227	238	262	115	201	206	244	199	201	202	230	220	236	193	197	217	269	134	146	193	193	138	138	296	348
NS_OP_14_0229	242	270	161	197	250	282	199	233	186	190	220	222	193	295	233	273	152	152	189	189	134	154	308	352
NS_OP_14_0232	278	278	161	207	206	254	199	221	174	186	220	228	221	299	253	277	152	164	165	177	134	160	312	336
NS_OP_14_0233	238	262	191	235	234	270	193	221	198	222	220	222	201	291	237	261	152	176	165	177	154	154	332	352
NS_OP_14_0234	278	278	161	165	230	242	203	207	230	234	206	222	233	275	225	241	152	168	193	193	138	154	348	414
NS_OP_14_0236	242	258	165	235	250	250	193	197	170	218	222	228	225	229	181	217	164	172	177	197	134	154	316	324
NS_OP_14_0238	218	278	115	177	248	254	201	227	222	234	220	220	193	237	241	285	138	168	177	193	138	154	280	392
NS_OP_14_0239	266	278	137	187	248	266	203	233	218	230	214	218	197	233	181	205	142	156	177	193	138	160	312	376
NS_OP_14_0241	242	246	197	219	238	266	221	237	186	222	212	220	197	221	185	221	142	180	165	165	154	160	284	332
NS_OP_14_0243	242	266	137	193	222	262	201	237	170	222	218	228	205	233	237	297	138	160	177	193	134	166	288	352
NS_OP_14_0245	278	282	115	235	222	282	199	199	190	230	220	220	213	233	233	273	152	164	177	193	138	154	316	344
NS_OP_14_0246	218	266	115	177	236	270	221	221	202	222	220	222	221	237	241	285	142	164	177	177	154	156	320	324
NS_OP_14_0247	242	278	115	161	254	266	201	237	226	234	212	220	205	233	181	209	146	164	193	217	134	138	188	360
NS_OP_14_0248	234	254	227	235	182	258	199	227	214	230	206	236	205	275	181	209	146	168	177	189	138	138	184	352
NS_OP_14_0249	270	290	173	187	234	274	199	199	210	230	212	222	189	193	233	233	142	160	165	177	160	162	308	348
NS_OP_14_0250	234	234	197	235	222	230	197	199	170	222	206	236	201	237	209	249	152	242	177	193	138	154	320	352
NS_OP_14_0253	242	262	189	219	234	262	227	233	194	218	228	228	225	237	201	225	138	164	189	193	138	154	300	340
NS_OP_14_0255	250	262	177	197	234	234	199	201	194	230	220	228	205	279	225	233	142	146	189	193	134	138	184	410
NS_OP_14_0256	258	270	115	193	206	250	207	237	170	170	212	236	221	275	209	257	142	152	177	189	134	138	336	340
NS_OP_14_0258	238	270	177	193	236	248	199	199	198	218	212	222	197	299	217	221	138	156	177	189	134	158	288	312
NS_OP_14_0259	258	286	135	161	270	278	205	227	210	230	220	222	213	237	233	245	146	176	177	193	154	160	328	336
NS_OP_14_0260	242	274	137	193	234	262	183	229	186	218	212	228	213	241	177	245	146	168	165	193	134	160	344	352
NS_OP_14_0262	200	238	115	161	250	258	219	221	198	218	206	222	237	299	185	253	134	164	165	185	134	138	332	348
NS_OP_14_0271	258	270	181	235	262	266	197	199	226	230	206	222	205	237	221	229	152	160	165	177	138	154	252	308
NS_OP_14_0273	234	278	135	235	248	256	199	237	202	218	206	206	205	229	249	261	134	164	165	177	138	138	320	340
NS_OP_14_0275	242	246	181	235	266	270	227	233	226	230	206	236	205	241	221	257	142	146	165	177	134	154	316	332
NS_OP_14_0276	242	250	115	191	248	266	199	221	182	234	206	236	205	221	197	225	130	142	177	193	134	138	328	348
NS_OP_14_0279	200	254	197	235	244	256	199	233	186	186	220	220	193	233	217	277	152	160	177	193	134	134	312	392
NS_OP_14_0282	254	290	115	187	242	258	199	227	170	222	222	222	189	193	209	237	142	152	165	177	154	154	184	348
NS_OP_14_0283	246	266	157	177	250	266	203	203	194	230	210	210	221	237	229	241	146	184	177	193	138	154	236	352
NS_OP_14_0284	262	266	159	189	248	270	199	203	170	182	220	228	233	237	225	237	152	164	189	193	154	154	236	332
NS_OP_14_0285	200	250	161	197	218	266	219	233	190	226	220	220	205	275	229	241	134	172	161	177	134	154	300	316
NS_OP_14_0289	234	278	137	159	242	250	203	203	222	230	212	222	237	279	209	229	142	168	177	177	156	166	320	336
NS_OP_14_0295	246	258	187	231	258	262	199	237	206	230	220	228	221	233	209	209	138	164	161	177	138	138	280	348
NS_OP_14_0297	238	246	139	181	206	242	207	227	226	226	220	236	205	205	221	229	142	152	177	193	154	154	308	344
NS_OP_14_0298	242	242	115	119	182	250	233	237	190	226	220	228	205	229	229	237	134	164	177	177	154	154	236	244
NS_OP_14_0302	258	266	161	181	248	266	199	237	170	218	220	220	233	283	185	217	134	172	177	217	138	156	316	336
NS_OP_14_0307	290	294	115	161	248	274	193	199	182	194	206	228	225	229	229	241	142	168	193	193	154	156	312	406
NS_OP_14_0308	262	266	115	197	250	282	221	237	218	230	220	220	221	229	209	233	142	146	177	193	138	154	356	372
NS_OP_14_0309	254	262	115	185	244	248	199	201	170	222	220	220	213	221	217	221	142	164	165	201	154	154	184	236
NS_OP_14_0310	242	258	191	235	218	270	227	233	222	234	220	236	221	233	209	237	176	184	193	197	154	156	308	340
NS_OP_14_0313	246	258	191	191	254	262	199	205	190	226	214	220	263	279	229	269	180	208	161	177	154	160	244	296
NS_OP_14_0315	200	270	161	191	248	248	199	199	182	218	220	220	237	279	241	277	160	164	177	193	138	154	304	348
NS_OP_14_0317	242	246	173	227	242	266	199	203	198	230	224	228	233	295	213	261	146	160	165	177	138	138	184	304
NS_OP_14_0318	270	282	137	235	206	234	201	201	170	182	220	226	197	205	253	257	138	142	177	189	134	166	272	316
NS_OP_14_0319	250	278	137	189	262	266	197	205	194	198	220	236	221	229	205	261	152	164	177	193	138	154	188	188
NS_OP_14_0320	262	270	137	161	214	250	201	201	186	198	220	222	193	295	225	233	142	164	177	193	138	154	244	268
NS_OP_14_0323	258	258	193	231	234	250	199	237	194	202	206	220	205	209	209	273	152	172	177	193	138	154	336	352
NS_OP_14_0325	200	262	177	219	226	242	199	203	194	214	206	220	197	273	217	225	138	146	177	177	154	162	316	344
NS_OP_14_0329	242	250	119	197	238	250	199	205	190	226	220	220	205	273	233	257	142	164	177	193	154	156	308	312
NS_OP_14_0330	258	278	197	239	250	258	201	227	222	234	220	222	237	241	229	273	134	146	165	193	134	154	236	340
NS_OP_14_0331	258	274	187	197	206	270	201	201	186	234	222	222	237	287	205	229	146	146	177	193	138	138	284	348
NS_OP_14_0332	238	258	197	251	262	288	207	219	202	222	206	222	205	221	213	233	142	176	177	193	134	138	324	352
NS_OP_14_0333	250	258	169	193	242	270	221	229	202	230	210	220	233	299	181	253	138	172	177	177	154	160	344	398
NS_OP_14_0337	250	258	185	193	206	250	207	237	170	170	224	236	205	205	237	257	138	138	177	189	138	138	336	340
NS_OP_14_0338	242	242	159	233	248	254	199	201	222	234	212	220	229	283	209	269	134	142	189	213	138	154	340	380
NS_OP_14_0340	242	290	137	219	236	250	203	227	210	222	222	222	193	205	205	237	142	152	177	197	154	162	280	414
NS_OP_14_0341	274	274	139	165	242	250	219	221	206	206	222	222	201	229	233	297	134	142	165	165	134	138	296	332
NS_OP_14_0342	242	278	115	211	240	250	207	233	218	230	222	228	197	229	237	269	152	160	177	189	134	162	188	344
NS_OP_14_0343	266	278	189	191	234	266	201	207	230	234	220	222	193	205	201	269	152	152	165	189	138	160	316	336
NS_OP_14_0345	242	258	115	161	266	266	233	233	186	190	220	228	225	229	213	261	152	152	177	193	154	154	324	392
NS_OP_14_0346	254	270	181	207	266	270	207	233	226	230	220	220	193	205	229	237	134	152	193	197	138	138	336	348
NS_OP_14_0347	266	270	115	197	254	262	193	237	194	198	218	236	233	273	225	229	138	146	189	193	138	154	236	344
NS_OP_14_0348	246	270	191	199	266	266	199	237	198	222	220	220	193	241	237	285	146	164	165	193	154	166	236	332
NS_OP_14_0354	266	270	187	197	242	256	199	201	222	230	220	236	213	237	221	225	142	152	189	193	138	138	292	340
NS_OP_14_0356	242	254	173	189	250	270	227	237	194	230	206	236	193	205	229	261	134	142	177	177	156	160	188	304
NS_OP_14_0358	218	238	169	227	240	248	201	233	202	222	206	228	205	213	177	257	160	168	177	193	138	138	308	316
NS_OP_14_0361	270	278	137	189	206	250	237	237	222	226	220	236	193	201	173	241	142	142	165	189	138	154	292	426
NS_OP_14_0362	218	242	161	161	266	270	201	237	182	226	212	220	193	275	205	217	142	152	177	217	134	138	316	344
NS_OP_14_0363	258	278	161	177	266	270	201	237	202	222	222	228	205	237	229	237	138	168	189	193	138	154	188	332
NS_OP_14_0364	246	270	177	253	214	244	227	233	182	202	220	236	201	237	213	229	160	168	165	193	160	160	336	356
NS_OP_14_0366	242	286	137	161	234	292	199	201	174	222	222	228	225	229	229	269	146	180	181	193	138	154	284	340
NS_OP_14_0367	250	266	135	219	222	288	193	201	194	234	206	220	229	233	233	245	134	152	177	193	154	154	280	304
NS_OP_14_0368	242	250	115	191	246	266	199	199	198	226	222	222	213	229	193	277	134	134	189	189	138	138	320	372
NS_OP_14_0370	258	266	115	197	248	282	199	201	202	222	206	220	197	205	181	297	168	172	189	193	154	160	348	406
NS_OP_14_0371	238	270	161	177	288	288	219	233	190	202	220	228	237	275	217	241	152	172	177	193	138	154	300	352
NS_OP_14_0372	270	286	135	181	240	250	199	227	190	222	206	206	205	273	225	237	146	196	177	193	154	160	184	316
NS_OP_14_0373	270	270	115	189	206	250	199	205	190	198	220	236	275	291	209	249	142	152	161	193	138	154	316	356
NS_OP_14_0376	234	250	119	235	244	286	203	227	218	222	210	238	237	279	177	249	160	164	177	193	138	160	236	352
NS_OP_14_0381	242	278	185	219	242	256	227	237	186	230	216	228	213	237	185	261	164	184	177	193	154	154	320	320
NS_OP_14_0382	262	270	161	193	258	266	201	237	194	230	220	224	225	233	209	213	146	176	193	193	134	154	336	352
NS_OP_14_0383	238	290	115	137	250	266	201	233	194	222	206	220	229	233	229	297	152	164	177	197	138	138	188	344
NS_OP_14_0384	238	242	115	191	248	288	199	201	186	222	218	222	229	233	193	273	142	164	161	177	154	154	344	344
NS_OP_14_0386	242	274	115	227	246	262	201	233	170	186	206	220	205	221	225	269	152	164	165	193	138	160	236	316
NS_OP_14_0387	258	274	161	181	240	244	201	237	222	226	228	236	221	237	209	241	152	164	177	177	154	154	284	316
NS_OP_14_0388	254	258	201	207	250	266	193	201	222	234	222	222	201	221	257	269	152	164	177	193	154	160	272	328
NS_OP_14_0389	242	270	169	181	250	266	199	237	202	234	228	236	221	233	237	261	164	172	189	193	154	166	288	332
NS_OP_14_0390	250	262	137	161	236	266	205	227	186	230	220	222	205	287	241	273	160	164	193	197	154	154	184	348
NS_OP_14_0391	242	242	191	191	248	278	201	201	166	230	220	228	193	237	205	241	152	160	161	165	138	138	340	414
NS_OP_14_0392	258	266	137	177	240	256	227	229	170	190	220	222	205	213	237	241	146	168	177	189	154	156	372	406
NS_OP_14_0396	270	294	177	191	242	248	199	227	218	230	220	222	193	279	209	241	160	164	189	193	154	154	304	348
NS_OP_14_0397	266	278	187	219	236	250	203	227	222	230	222	236	193	205	205	237	152	152	177	189	154	162	340	344
NS_OP_14_0398	238	270	161	169	248	282	201	233	194	202	214	220	205	233	177	237	164	164	177	177	138	156	188	352
NS_OP_14_0399	254	266	195	219	240	248	201	233	194	226	206	228	201	205	237	241	138	152	177	193	138	160	344	352
NS_OP_14_0401	250	258	137	193	248	266	199	219	174	226	222	236	221	237	249	285	164	168	165	177	138	154	316	344
NS_OP_14_0402	242	274	181	195	234	262	227	233	186	222	220	220	205	221	245	261	142	152	165	189	138	154	296	316
NS_OP_14_0403	234	270	115	181	244	286	201	205	182	198	220	222	197	209	173	209	134	146	177	189	138	158	324	332
NS_OP_14_0405	250	274	177	191	238	278	193	201	190	226	220	220	201	229	217	257	142	152	165	193	134	138	308	324
NS_OP_14_0406	238	266	169	235	222	266	201	227	182	202	218	220	205	229	177	185	164	168	189	197	138	138	188	316
NS_OP_14_0407	242	266	189	191	238	244	193	205	222	234	206	236	229	237	233	265	138	164	165	177	160	160	184	236
NS_OP_14_0408	0	0	0	0	230	250	0	0	170	218	220	226	213	221	257	257	142	160	197	217	138	162	324	340
NS_OP_14_0409	270	278	115	193	222	282	203	221	202	218	220	228	221	233	237	273	138	152	177	189	138	138	252	336
NS_OP_14_0410	238	258	157	197	206	230	201	221	194	226	236	236	193	205	185	297	142	146	177	193	154	154	292	348
NS_OP_14_0412	258	262	193	195	222	282	233	237	190	222	228	236	221	245	209	249	168	168	177	177	156	162	236	376
NS_OP_14_0413	246	282	181	235	210	240	201	237	170	222	222	222	197	221	173	257	142	160	189	217	138	154	336	340
NS_OP_14_0415	210	242	161	197	222	250	199	205	186	226	222	236	205	237	213	317	152	164	177	189	138	154	320	320
NS_OP_14_0416	254	258	193	227	266	266	201	221	222	230	212	220	205	237	205	209	138	146	189	193	138	154	336	360
NS_OP_14_0418	242	278	161	193	252	258	199	229	226	234	220	222	193	283	217	217	142	164	177	189	138	154	244	316
NS_OP_14_0419	242	262	197	235	236	244	201	233	194	226	220	222	205	291	237	277	152	168	177	189	138	138	316	344
NS_OP_14_0420	242	242	137	161	206	230	193	201	230	238	228	236	201	229	237	317	152	184	189	193	138	154	236	316
NS_OP_14_0425	258	258	115	245	206	214	203	233	186	222	220	226	205	221	225	237	142	152	165	177	138	138	272	406
NS_OP_14_0426	242	254	189	235	250	288	199	205	190	226	228	236	221	221	209	237	160	164	165	165	138	158	300	324
NS_OP_14_0427	238	270	115	161	250	266	211	233	202	226	220	236	233	275	217	233	152	172	177	193	138	138	300	308
NS_OP_14_0428	242	266	115	219	266	266	203	237	222	238	206	222	229	237	181	225	134	152	161	193	138	154	184	188
NS_OP_14_0429	262	274	201	245	246	266	221	233	190	194	220	228	205	283	209	213	152	184	177	197	154	164	272	320
NS_OP_14_0431	254	258	159	187	218	258	201	219	198	234	206	224	197	237	233	253	146	152	165	197	138	138	324	324
NS_OP_14_0434	242	270	119	159	182	250	203	233	194	226	206	228	229	233	181	229	134	184	177	189	138	162	244	320
NS_OP_14_0440	258	258	219	245	250	266	199	227	198	230	210	222	205	229	181	277	164	176	177	193	154	154	188	336
NS_OP_14_0443	246	266	197	231	246	250	199	201	198	230	206	220	213	263	209	229	160	164	177	197	154	154	296	324
NS_OP_14_0444	258	282	177	191	234	266	205	233	170	182	206	220	205	229	237	269	146	172	165	197	134	154	332	344
NS_OP_14_0445	238	266	177	185	244	266	199	201	190	226	220	228	221	287	209	277	138	152	177	193	134	154	336	344
NS_OP_14_0446	222	278	195	203	250	254	227	237	182	186	222	228	225	229	233	265	142	168	177	177	138	154	312	316
NS_OP_14_0449	242	258	233	245	244	250	199	233	186	234	220	228	229	241	237	237	142	146	193	193	138	138	284	320
NS_OP_14_0450	200	242	135	161	248	270	199	199	194	230	220	228	229	229	209	221	142	168	193	193	138	156	312	406
NS_OP_14_0451	246	258	137	191	240	250	193	201	190	230	220	236	237	283	237	249	152	208	177	189	138	154	284	328
NS_OP_14_0453	242	286	115	237	234	262	237	237	178	214	222	228	205	205	249	257	160	172	165	189	138	138	328	414
NS_OP_14_0457	242	246	219	235	254	282	193	199	218	230	220	236	225	229	217	257	138	168	165	177	154	160	188	352
NS_OP_14_0458	238	238	161	191	250	266	199	237	190	222	220	228	221	287	225	241	146	164	177	193	134	160	268	352
NS_OP_14_0459	242	242	139	193	234	234	199	229	202	226	220	222	197	205	213	297	164	172	193	193	138	154	336	340
NS_OP_14_0462	200	258	141	189	222	282	199	199	202	230	222	222	209	233	181	217	160	176	165	177	138	154	328	348
NS_OP_14_0463	238	266	187	201	242	246	221	227	230	234	222	222	205	233	217	233	142	184	193	193	138	154	280	284
NS_OP_14_0464	234	242	181	227	238	254	201	203	182	182	222	222	221	233	209	237	164	180	177	177	134	154	320	324
NS_OP_14_0469	238	266	205	235	250	250	199	201	202	230	206	222	193	229	177	273	138	160	177	177	138	138	316	332
NS_OP_14_0471	250	278	161	219	266	286	199	237	170	218	220	220	283	287	181	217	138	146	189	217	154	160	348	360
NS_OP_14_0472	200	266	115	207	242	248	193	193	170	214	206	212	201	205	249	269	152	152	193	197	138	154	336	352
NS_OP_14_0476	238	290	165	187	230	234	199	203	210	234	206	222	201	213	237	257	142	160	161	193	138	154	348	392
NS_OP_14_0477	238	262	115	189	250	262	203	237	186	190	210	228	193	229	213	277	138	142	189	193	138	160	316	394
NS_OP_14_0478	238	250	115	197	230	244	199	237	226	230	222	228	221	233	229	253	138	168	177	193	134	138	280	320
NS_OP_14_0480	234	278	189	269	256	266	201	233	170	198	222	228	205	233	229	249	142	152	165	193	154	154	188	252
NS_OP_14_0481	258	274	181	187	242	278	219	237	222	234	214	222	205	221	237	273	142	152	177	217	134	154	256	316
NS_OP_14_0484	250	266	185	191	242	250	201	221	190	198	222	228	287	291	233	277	142	168	165	177	154	162	336	356
NS_OP_14_0486	200	278	115	207	238	248	193	201	226	234	222	222	197	205	181	269	152	164	193	197	154	154	328	388
NS_OP_14_0487	246	290	181	247	250	262	199	201	202	222	218	220	205	213	225	233	142	142	177	193	154	154	272	352
NS_OP_14_0491	242	266	115	227	222	266	201	233	202	230	220	222	193	233	213	269	138	152	165	197	160	160	332	348
NS_OP_14_0492	270	278	137	165	178	222	203	227	210	230	220	228	279	279	201	297	134	184	177	221	138	156	292	304
NS_OP_14_0494	266	270	115	197	214	236	219	237	186	222	220	222	205	229	177	241	138	164	193	213	138	154	332	352
NS_OP_14_0498	270	274	137	191	250	250	199	227	186	230	220	220	233	295	201	209	138	142	177	177	138	154	244	268
NS_OP_14_0499	258	290	187	187	240	266	199	205	210	230	222	228	233	299	257	297	134	142	193	197	138	154	184	348
NS_OP_14_0500	242	282	115	195	240	250	199	221	170	230	220	220	209	233	249	249	146	152	165	193	134	138	304	344
NS_OP_14_0501	242	294	137	191	226	266	205	227	206	222	220	236	221	229	229	261	134	142	177	177	138	154	280	406
NS_OP_14_0502	262	294	189	195	218	230	199	201	182	230	220	222	221	279	209	253	152	160	177	193	134	154	312	312
NS_OP_14_0503	238	242	137	177	244	266	199	233	190	194	222	228	197	205	245	289	142	164	177	193	138	154	324	328
NS_OP_14_0504	250	270	161	181	250	262	193	199	218	230	206	228	193	205	241	249	138	180	165	177	134	154	316	324
NS_OP_14_0505	242	258	161	235	266	270	199	199	166	226	222	228	205	275	213	217	138	168	177	177	138	138	360	410
NS_OP_14_0507	258	266	193	201	230	246	201	203	206	226	222	228	233	275	237	269	138	164	177	193	138	138	332	336
NS_OP_14_0509	242	250	115	253	250	266	199	199	190	190	222	236	225	237	209	253	164	188	177	197	154	162	336	392
NS_OP_14_0510	242	242	135	193	250	266	199	233	222	230	220	222	205	221	217	261	146	168	165	165	138	154	236	320
NS_OP_14_0512	266	278	181	191	250	266	199	237	186	198	220	222	209	237	205	209	134	152	177	217	138	154	344	356
NS_OP_14_0513	242	246	181	187	222	266	201	237	210	230	206	220	221	233	173	269	160	168	177	189	134	138	188	316
NS_OP_14_0515	258	278	137	181	230	288	233	237	202	218	206	222	213	299	237	257	142	160	165	177	138	154	312	340
NS_OP_14_0516	242	282	115	161	246	278	199	201	190	230	214	220	229	233	237	249	134	152	177	193	154	162	320	410
NS_OP_14_0517	270	270	119	157	230	266	199	227	198	230	220	220	225	299	241	273	156	156	177	177	154	156	236	352
NS_OP_14_0518	242	270	135	203	250	278	205	205	186	210	218	220	205	213	181	233	142	176	177	177	138	160	184	292
NS_OP_14_0519	234	266	177	253	244	250	201	207	194	198	220	220	221	233	241	241	134	164	177	177	134	154	188	414
NS_OP_14_0521	242	266	119	197	222	248	199	233	218	218	220	220	213	237	233	257	152	160	177	197	138	162	324	392
NS_OP_14_0523	242	254	177	235	230	254	203	233	182	198	206	220	205	213	241	241	152	160	177	213	134	154	188	252
NS_OP_14_0524	232	234	137	197	258	286	201	205	174	234	220	220	209	279	205	225	142	152	177	193	154	154	332	336
NS_OP_14_0525	242	270	197	227	218	266	201	201	182	230	222	236	221	275	213	257	138	152	165	197	134	154	184	336
NS_OP_14_0526	286	310	181	253	234	270	205	233	206	218	212	236	205	213	177	225	156	156	177	177	154	154	184	332
NS_OP_14_0528	234	258	181	193	214	236	199	227	186	222	212	220	197	205	217	277	142	156	177	177	138	154	308	344
NS_OP_14_0529	242	242	153	193	234	242	199	233	190	230	212	222	229	237	177	217	146	152	177	193	154	160	352	376
NS_OP_14_0530	250	278	115	115	234	234	199	201	202	230	220	220	197	237	209	297	134	146	189	189	154	154	184	348
NS_OP_14_0531	238	246	169	181	250	286	201	227	202	230	206	220	229	275	217	297	142	152	177	193	134	154	296	328
NS_OP_14_0534	258	258	137	181	234	250	221	233	198	226	220	236	209	221	233	277	142	152	161	177	154	154	188	332
NS_OP_14_0535	234	266	137	191	254	256	203	227	182	186	222	222	205	233	185	221	142	172	165	177	138	154	280	320
NS_OP_14_0537	250	294	165	191	240	254	199	237	190	230	216	228	225	229	181	237	138	142	177	193	138	138	244	336
NS_OP_14_0539	242	258	187	191	262	282	199	233	170	214	220	228	221	233	237	237	138	138	161	177	138	154	284	348
NS_OP_14_0540	242	282	181	191	248	252	201	221	230	238	228	228	197	237	225	261	134	164	189	193	154	154	304	348
NS_OP_14_0541	242	254	219	227	222	274	227	227	186	230	220	228	221	273	237	241	134	142	177	193	134	138	188	344
NS_OP_14_0542	242	278	137	197	238	248	207	233	198	222	222	222	201	205	269	281	160	160	177	177	134	134	312	332
NS_OP_14_0543	242	250	115	219	238	242	201	227	170	198	220	220	213	273	209	261	160	184	177	189	154	160	336	352
NS_OP_14_0544	242	262	137	231	222	266	201	237	186	198	220	220	205	209	229	273	164	168	189	193	138	138	312	344
NS_OP_14_0545	258	258	181	197	218	262	199	227	186	202	206	212	221	233	229	237	134	164	165	177	134	138	288	340
NS_OP_14_0546	242	282	119	137	210	262	203	207	186	194	210	220	185	221	253	261	146	160	185	193	138	154	258	328
NS_OP_14_0548	242	270	115	187	222	244	201	227	222	234	212	220	201	205	181	217	152	160	193	193	154	154	328	352
NS_OP_14_0550	200	250	115	189	262	266	197	201	170	234	220	222	193	229	233	273	138	142	177	177	154	154	352	372
NS_OP_14_0553	200	242	115	191	230	242	199	199	182	186	222	228	229	279	205	217	172	184	189	193	138	154	320	328
NS_OP_14_0554	238	290	115	201	234	246	207	227	202	234	206	206	205	229	241	257	138	184	189	193	154	154	308	320
NS_OP_14_0556	234	258	133	169	250	256	199	201	182	230	220	228	225	237	217	249	138	142	177	177	162	162	296	312
NS_OP_14_0557	242	282	141	161	244	250	199	201	174	186	222	228	197	275	237	273	164	164	165	193	154	156	316	316
NS_OP_14_0559	200	294	181	219	244	266	199	233	230	234	220	228	237	275	237	273	142	168	161	193	138	160	316	356
NS_OP_14_0560	242	258	227	245	206	266	203	229	182	226	222	222	221	229	217	249	142	164	165	189	138	154	244	352
NS_OP_14_0561	242	274	137	161	214	266	199	219	222	230	218	222	193	221	225	233	152	164	177	193	138	154	312	344
NS_OP_14_0563	258	258	115	157	222	266	201	221	222	230	220	228	229	273	237	249	142	146	177	193	138	154	284	332
NS_OP_14_0564	274	278	161	181	214	262	183	193	170	222	212	222	225	279	209	229	138	168	177	177	138	138	184	328
NS_OP_14_0565	200	262	187	189	206	250	199	201	218	222	220	236	221	233	209	261	142	164	193	193	154	154	320	352
NS_OP_14_0566	258	270	115	235	206	250	227	237	170	170	224	236	205	205	173	209	138	138	177	189	138	138	184	344
NS_OP_14_0567	234	238	161	185	250	278	201	221	202	230	206	222	205	263	233	237	160	184	177	193	138	154	336	352
NS_OP_14_0569	258	278	137	195	248	250	201	237	202	222	206	222	237	237	209	229	138	168	189	193	154	154	188	332
NS_OP_14_0570	282	282	115	197	244	262	193	233	194	276	220	220	193	273	217	241	168	184	177	177	138	154	296	328
NS_OP_14_0573	266	270	219	229	266	288	201	201	202	230	220	228	229	237	205	269	168	168	177	189	154	160	188	316
NS_OP_14_0575	242	278	115	119	206	266	201	237	186	222	206	220	205	237	181	205	164	168	165	213	134	154	340	398
NS_OP_14_0576	270	270	159	165	248	250	201	203	198	226	220	236	233	237	229	257	152	200	193	197	138	154	308	308
NS_OP_14_0577	238	278	115	235	242	250	199	233	198	238	222	222	193	233	209	209	164	180	161	177	138	158	348	360
NS_OP_14_0578	242	278	193	227	234	254	233	233	170	194	212	222	209	275	173	237	134	184	177	189	154	162	316	336
NS_OP_14_0579	250	270	187	219	250	270	221	229	186	190	220	222	205	287	205	225	142	196	189	193	134	154	332	332
NS_OP_14_0580	262	266	135	195	248	274	219	237	222	230	220	236	205	233	229	249	146	168	177	177	138	138	184	340
NS_OP_14_0581	200	258	115	193	210	246	199	201	190	222	220	228	205	237	209	233	152	152	193	193	138	154	296	344
NS_OP_14_0582	242	266	181	197	230	262	201	201	234	312	220	222	201	221	229	233	134	168	193	197	154	160	280	340
NS_OP_14_0585	234	266	137	177	222	266	201	233	170	226	216	222	233	275	181	225	142	184	177	193	138	154	316	348
NS_OP_14_0586	254	286	161	227	254	270	207	227	190	222	220	236	229	233	177	297	138	138	165	193	154	156	320	340
NS_OP_14_0590	242	290	193	193	250	256	199	227	202	218	206	236	193	205	209	285	168	168	177	189	138	138	316	320
NS_OP_14_0591	242	258	161	219	254	254	201	237	190	194	220	222	205	229	209	269	134	168	189	193	134	156	344	348
NS_OP_14_0592	242	294	191	197	250	286	199	205	190	222	222	228	225	233	181	273	138	138	177	197	154	160	284	312
NS_OP_14_0593	200	242	119	193	206	282	199	237	226	238	220	222	193	233	233	245	134	152	165	177	134	154	324	336
NS_OP_14_0595	250	274	165	223	262	270	227	233	202	230	218	222	193	237	205	253	142	146	177	193	138	154	284	344
NS_OP_14_0596	242	242	163	189	264	266	201	203	214	234	220	220	193	229	241	249	142	184	193	193	138	138	288	344
NS_OP_14_0597	234	258	191	239	244	244	193	201	170	226	220	226	205	229	185	261	134	142	189	193	138	162	340	356
NS_OP_14_0599	246	270	115	245	244	250	193	205	202	230	212	220	241	279	237	277	164	176	165	193	138	154	184	316
NS_OP_14_0600	238	278	177	235	240	266	201	233	226	234	228	236	193	233	213	229	146	146	177	177	138	154	288	392
NS_OP_14_0601	238	258	115	161	244	266	205	221	218	226	212	222	275	283	233	249	142	164	177	189	134	138	324	332
NS_OP_14_0602	234	282	115	137	250	270	201	205	174	186	220	228	237	283	225	233	138	168	177	189	158	160	284	340
NS_OP_14_0604	246	278	119	137	178	278	203	207	194	222	220	222	193	279	225	237	160	168	193	221	138	138	312	392
NS_OP_14_0606	234	266	185	191	242	250	201	221	190	198	220	222	287	287	193	261	142	168	177	177	154	162	324	352
NS_OP_14_0609	242	262	135	181	244	266	205	237	186	202	206	206	193	233	209	249	146	168	189	193	138	138	184	308
NS_OP_14_0610	242	278	161	235	230	282	201	207	202	222	220	222	193	221	173	181	142	152	177	217	138	138	316	340
NS_OP_14_0611	242	282	165	195	210	230	199	233	190	230	206	220	275	275	181	241	142	146	161	177	134	138	236	392
NS_OP_14_0612	242	270	177	191	242	254	233	237	182	234	206	222	205	213	221	269	146	152	177	193	138	160	188	312
NS_OP_14_0613	234	266	137	197	182	288	201	203	182	234	228	236	209	279	185	225	138	142	177	193	138	166	188	240
NS_OP_14_0614	270	282	159	189	206	250	199	203	190	202	206	236	205	233	181	273	160	164	165	189	154	162	320	332
NS_OP_14_0616	218	262	177	193	206	266	201	201	218	226	220	228	229	237	205	217	146	164	189	197	156	162	324	356
NS_OP_14_0617	246	246	203	227	210	250	201	237	182	210	222	228	213	229	233	257	142	168	177	189	138	154	308	340
NS_OP_14_0620	254	270	161	229	242	250	201	205	162	202	222	236	201	225	177	261	142	146	189	193	138	154	308	312
NS_OP_14_0623	238	278	115	137	250	274	199	207	170	222	220	220	193	213	225	249	142	164	177	193	134	138	184	188
NS_OP_14_0624	254	270	137	197	240	254	201	233	206	226	210	228	193	205	257	277	138	172	177	177	138	154	332	348
NS_OP_14_0625	218	278	177	197	222	226	219	233	194	222	206	218	205	221	233	261	134	134	177	197	138	154	312	316
NS_OP_14_0626	238	278	219	235	266	266	199	201	230	238	220	228	233	237	217	245	152	152	177	177	154	154	336	410
NS_OP_14_0628	258	286	139	257	250	252	201	205	202	230	220	222	193	221	209	233	146	146	177	193	134	154	316	316
NS_OP_14_0630	218	250	115	227	244	250	201	201	186	234	220	228	205	205	237	237	142	156	177	193	138	154	308	344
NS_OP_14_0632	242	282	161	191	250	266	221	233	186	218	206	220	205	233	181	209	138	164	193	193	154	160	236	332
NS_OP_14_0633	242	278	137	203	262	274	201	201	218	234	220	220	233	287	237	237	152	160	193	193	134	154	332	336
NS_OP_14_0634	266	270	161	235	266	288	201	237	190	230	228	236	237	275	225	249	142	152	177	217	138	154	380	406
NS_OP_14_0635	258	266	187	197	244	262	203	203	222	226	220	226	205	209	229	237	142	146	189	193	138	154	284	348
NS_OP_14_0638	242	290	165	187	234	244	199	203	210	230	222	222	213	275	237	257	142	160	161	189	138	154	280	392
NS_OP_14_0639	278	290	161	161	234	244	199	201	210	230	220	222	189	237	241	257	142	184	189	189	154	154	280	296
NS_OP_14_0640	218	262	195	219	248	286	207	237	182	234	218	220	205	287	229	249	152	168	177	177	138	138	184	340
NS_OP_14_0645	258	290	161	197	172	214	201	233	162	186	206	222	197	229	233	297	156	156	165	165	154	154	308	340
NS_OP_14_0646	234	258	119	181	214	242	227	227	222	252	214	220	209	221	237	269	164	164	177	193	138	160	188	308
NS_OP_14_0647	222	238	137	185	238	274	203	227	198	202	212	236	205	273	245	261	138	164	189	193	138	154	320	352
NS_OP_14_0648	200	242	115	191	248	256	199	201	182	218	222	236	213	221	209	261	142	172	193	193	138	138	244	312
NS_OP_14_0649	242	258	191	219	206	266	199	207	190	230	206	224	205	213	177	209	164	164	165	193	154	154	188	344
NS_OP_14_0651	238	258	161	219	266	274	201	201	234	238	226	226	201	237	229	277	152	184	177	177	138	138	344	406
NS_OP_14_0652	242	242	135	227	240	258	201	237	178	194	220	228	205	233	225	293	168	184	193	193	134	138	244	296
NS_OP_14_0655	250	262	193	231	210	282	199	199	226	230	220	228	205	229	209	253	146	164	193	193	138	154	308	328
NS_OP_14_0656	238	254	189	235	250	278	199	201	194	234	220	222	233	237	217	241	164	164	177	193	134	160	188	324
NS_OP_14_0657	266	290	189	201	242	266	201	233	230	234	222	228	229	233	205	257	142	168	165	193	154	160	340	392
NS_OP_14_0659	258	266	165	219	234	266	201	237	190	230	220	228	263	275	177	181	152	164	177	193	134	160	304	308
NS_OP_14_0660	246	258	115	165	240	266	201	205	218	234	210	220	189	275	217	249	142	164	177	177	138	156	308	316
NS_OP_14_0661	242	242	159	233	254	286	199	201	222	234	220	236	221	283	221	249	164	164	189	213	138	154	304	380
NS_OP_14_0662	258	294	191	197	240	250	219	237	190	218	218	228	225	229	181	261	138	138	177	177	156	160	236	244
NS_OP_14_0666	234	242	157	235	218	274	227	237	190	230	212	222	205	221	233	237	138	152	165	165	154	154	188	316
NS_OP_14_0667	258	262	181	227	214	246	201	201	226	260	218	236	197	291	229	229	134	168	165	177	138	154	320	344
NS_OP_14_0670	242	286	203	253	244	266	201	201	230	238	218	222	205	233	177	237	138	164	193	217	138	160	184	388
NS_OP_14_0671	200	242	137	241	238	250	203	203	230	234	212	222	205	229	217	297	142	160	193	193	154	154	184	288
NS_OP_14_0672	258	274	191	193	172	206	199	203	194	234	220	228	193	229	229	233	168	172	177	193	154	154	312	418
NS_OP_14_0673	200	266	187	201	230	266	193	201	198	230	220	228	201	209	229	229	138	142	177	197	138	160	296	324
NS_OP_14_0674	200	242	137	191	222	278	199	205	230	234	220	220	193	205	241	261	142	172	177	177	138	154	336	394
NS_OP_14_0675	262	270	161	241	236	250	201	221	190	238	220	236	221	237	221	233	134	142	181	193	138	154	336	336
NS_OP_14_0678	242	242	241	241	206	262	201	201	170	222	220	224	205	291	205	229	152	242	165	177	134	138	244	312
NS_OP_14_0679	242	282	231	247	248	250	199	233	230	230	220	222	205	275	185	253	138	146	177	193	154	160	272	344
NS_OP_14_0682	270	290	161	187	258	266	199	237	210	234	222	228	213	287	181	213	142	142	177	193	138	154	280	344
NS_OP_14_0684	258	270	115	159	244	250	201	227	210	222	222	236	201	283	269	273	152	152	165	177	138	154	280	320
NS_OP_14_0685	270	270	159	201	222	250	199	237	218	230	220	220	193	213	209	249	138	164	161	201	154	160	188	316
NS_OP_14_0686	258	258	187	193	250	266	193	237	218	230	220	228	201	283	201	229	134	142	213	217	138	154	268	316
NS_OP_14_0689	242	290	115	115	250	254	201	221	214	312	206	222	205	237	237	265	134	156	193	217	156	166	348	352
NS_OP_14_0690	258	270	115	191	250	266	201	201	218	222	220	228	275	287	233	265	142	152	177	177	138	154	272	284
NS_OP_14_0694	234	242	181	227	250	254	201	203	182	182	222	228	213	233	249	249	146	164	177	177	138	154	320	324
NS_OP_14_0696	290	290	115	181	210	262	193	227	182	214	206	214	205	237	209	265	134	152	193	217	156	166	344	348
NS_OP_14_0697	242	254	115	161	226	266	201	205	198	230	210	220	193	213	209	281	146	200	165	177	154	160	304	336
NS_OP_14_0698	200	254	161	181	254	266	201	201	226	230	222	222	233	233	249	269	152	152	177	189	134	154	236	288
NS_OP_14_0699	242	246	115	219	266	274	227	233	170	198	236	236	213	237	205	241	142	164	177	189	138	154	184	352
NS_OP_14_0700	266	270	157	177	252	266	227	237	198	230	220	236	205	229	205	229	146	176	177	177	134	154	244	422
NS_OP_14_0701	234	266	173	197	234	256	201	205	174	234	210	220	193	205	205	225	152	164	177	197	138	154	300	332
NS_OP_14_0706	258	266	227	235	262	282	199	201	198	202	224	236	237	275	265	273	152	152	193	197	138	154	188	316
NS_OP_14_0707	238	242	137	191	264	266	227	233	190	198	228	228	205	233	233	237	142	160	165	177	138	154	288	296
NS_OP_14_0709	258	278	207	241	248	266	199	201	202	230	220	222	209	229	205	233	152	164	177	189	134	138	320	398
NS_OP_14_0710	238	242	115	191	262	266	199	205	174	230	222	228	205	263	249	269	168	168	165	197	154	156	304	352
NS_OP_14_0711	270	282	137	219	266	274	199	199	202	218	218	236	213	273	181	205	146	172	177	189	134	160	184	336
NS_OP_14_0712	266	266	221	235	254	256	199	207	202	222	220	222	201	237	229	241	168	184	177	177	134	154	288	344
NS_OP_14_0713	234	250	115	163	262	266	201	227	222	230	220	220	205	291	177	233	142	164	177	193	162	162	332	332
NS_OP_14_0714	270	290	115	137	234	238	199	201	222	230	222	222	205	279	261	273	134	164	193	193	138	154	316	352
NS_OP_14_0715	218	250	115	161	266	270	199	237	214	234	220	220	233	283	181	209	134	142	213	217	154	160	336	360
NS_OP_14_0716	234	250	137	181	206	250	193	199	226	230	206	236	205	229	233	261	138	160	177	193	154	154	312	316
NS_OP_14_0717	246	282	181	235	230	240	221	237	170	222	212	222	193	197	173	237	142	168	189	217	138	154	280	336
NS_OP_14_0718	242	270	189	227	250	250	199	227	182	230	220	236	225	233	225	277	138	164	189	189	134	160	280	410
NS_OP_14_0719	200	250	161	187	246	250	201	205	226	230	214	220	229	299	249	269	134	152	161	193	138	154	320	332
NS_OP_14_0720	270	278	181	189	250	254	201	205	198	218	222	236	205	233	285	285	164	164	177	197	138	154	264	336
NS_OP_14_0721	200	254	115	191	248	256	199	227	186	218	222	228	229	279	209	261	160	184	177	189	138	154	320	328
NS_OP_14_0722	266	282	161	195	214	274	201	219	222	230	222	228	205	283	185	233	146	152	165	197	138	156	256	340
NS_OP_14_0723	250	262	115	197	244	252	233	237	226	230	222	228	221	233	181	253	134	138	177	193	138	138	336	406
NS_OP_14_0727	242	266	115	207	266	270	199	237	198	230	220	220	205	233	177	237	146	164	177	193	154	154	252	324
NS_OP_14_0728	258	282	191	201	266	270	199	219	206	230	220	222	205	229	217	261	138	142	177	193	154	156	340	380
NS_OP_14_0730	242	274	115	161	244	274	193	199	186	230	222	222	221	233	233	269	156	160	165	193	138	154	244	344
NS_OP_14_0732	270	278	181	227	234	242	199	203	182	230	226	228	209	229	209	237	160	160	177	177	134	138	184	348
NS_OP_14_0733	200	266	195	201	230	248	201	201	198	312	220	222	201	225	205	245	168	168	177	193	154	154	340	356
NS_OP_14_0734	242	270	119	227	258	264	203	237	214	230	220	236	233	233	209	257	180	184	189	193	154	154	244	348
NS_OP_14_0735	234	278	189	189	214	266	233	237	170	190	222	236	229	287	225	237	138	146	193	217	138	160	312	344
NS_OP_14_0736	234	242	177	181	240	250	201	237	186	312	218	228	209	225	233	257	134	142	177	193	138	138	348	356
NS_OP_14_0738	258	274	119	165	206	240	201	233	190	230	222	228	237	275	189	205	134	146	177	189	138	154	328	332
NS_OP_14_0739	242	254	187	205	230	262	207	237	202	202	206	228	205	213	185	277	142	146	193	193	138	162	320	406
NS_OP_14_0742	250	270	115	153	246	254	199	227	218	234	236	236	221	275	177	217	164	164	165	193	138	160	320	340
NS_OP_14_0745	242	258	197	197	242	282	199	237	190	230	224	236	229	229	233	261	146	152	177	177	138	154	244	276
NS_OP_14_0746	246	290	137	207	242	282	201	237	218	230	220	220	229	273	217	233	142	168	165	177	156	160	184	188
NS_OP_14_0747	242	278	161	181	266	266	199	199	222	234	206	216	233	275	225	257	134	164	177	177	154	156	336	380
NS_OP_14_0748	270	282	189	193	206	244	193	201	194	230	212	228	205	249	237	285	152	184	177	189	134	154	184	336
NS_OP_14_0752	262	286	137	191	206	256	205	237	178	226	218	220	193	233	217	225	152	160	177	193	138	154	316	320
NS_OP_14_0753	258	258	115	161	218	278	227	233	190	226	206	220	197	229	193	269	164	164	165	193	138	154	300	316
NS_OP_14_0758	238	242	137	161	258	266	199	237	202	222	222	222	221	221	237	297	160	164	165	177	154	156	188	344
NS_OP_14_0761	246	270	135	137	234	250	227	233	202	222	206	222	193	209	233	265	142	146	177	193	154	162	328	384
NS_OP_14_0763	266	270	115	137	250	250	183	205	218	234	228	236	193	205	213	253	152	168	177	197	154	154	312	394
NS_OP_14_0766	258	266	181	193	266	266	199	199	0	0	220	228	233	275	0	0	142	146	177	217	138	138	268	336
NS_OP_14_0769	254	290	161	249	234	248	199	233	218	230	206	222	205	233	181	261	142	168	177	177	138	154	316	324
NS_OP_14_0770	242	278	115	193	246	288	199	237	182	218	220	224	193	233	237	237	152	160	177	193	138	154	264	336