genepop_2012.txt
L1, L2, L3, L4, L5, L6, L7, L8, L9, L10, L11, L12
Pop
NS_15_OP_AD_109 ,  222222 138154 230230 262270 164172 222266 229233 188288 205233 153237 165177 221233
NS_15_OP_AD_370 ,  220228 134160 214230 242266 142152 246250 233261 316336 229229 161233 193217 201227
NS_15_OP_AD_528 ,  222222 154154 230230 262270 142142 266288 181209 188316 205233 157161 165177 221233
NS_15_OP_BD_144 ,  212220 154154 170230 246258 160164 238250 217249 312352 275283 115219 165189 203227
OtsAC16NSNT_1033 ,  222228 138160 194222 238258 138184 262270 237273 272316 237249 119193 177197 201203
OtsAC16NSNT_1038 ,  212222 134138 218230 242270 138160 250258 221237 188336 205205 119189 177189 237237
OtsAC16NSNT_1052 ,  212212 138154 202234 270278 138152 234258 217229 336406 229273 189235 177189 201237
OtsAC16NSNT_1172 ,  220222 158160 222234 242270 164176 236266 261273 328344 209275 137181 177193 227233
OtsAC16NSNT_1224 ,  220222 154158 198234 242242 164176 266270 237249 328344 237275 137181 177189 207233
OtsAC16NSNT_1394 ,  220228 156166 202226 274290 152164 250270 237241 188292 205213 115197 189217 203237
OtsAC16NSNT_1395 ,  222222 138154 186230 242258 168212 206206 241249 252360 205233 137137 177193 221237
OtsAC16NSNT_1399 ,  206206 138154 182222 200234 152168 248270 181205 244252 197205 115177 189193 201229
OtsAC16NSNT_1421 ,  218228 138154 190222 238250 160164 262266 213249 188336 205213 115237 165193 227237
OtsAC16NSNT_1476 ,  222228 154154 230230 258270 152172 206288 181229 308332 221225 161193 177193 199221
OtsAC16NSNT_1478 ,  206220 138138 170230 234242 138142 246254 177241 288324 205213 115181 165193 193201
OtsAC16NSNT_1516 ,  220236 138160 186218 234242 152164 244254 205225 320336 201225 119201 165197 201205
OtsAC17NSNT_2749 ,  222236 134154 222230 250258 142172 244266 177213 320336 229291 181235 165177 199201
OtsAC17NSNT_2880 ,  212220 138138 190222 234242 138142 246250 181229 236324 205209 177253 165189 221233
OtsAC17NSNT_2910 ,  206220 138154 190202 250290 164184 244266 225277 188340 197237 115157 177177 201201
OtsAC17NSNT_3114 ,  220220 154154 226230 200274 164184 226270 217261 292348 213229 115197 177189 201233
OtsAC17NSNT_3117 ,  222228 134138 218230 242258 164172 258266 181241 316336 209229 115193 177197 201233
OtsAC17NSNT_3133 ,  222236 138138 190190 242270 152164 222244 181257 296308 205233 161201 189197 197199
OtsAC17NSNT_3135 ,  222228 154160 230234 246278 164184 246282 177249 316328 225229 187219 193197 201227
OtsCC16NSNT_2091 ,  220220 138138 186222 000000 138142 000000 209237 288288 205229 000000 177193 199201
OtsCC16NSNT_2093 ,  220222 154154 178182 258262 138152 250278 233237 336348 193237 181181 177193 199233  