Offspring Ot211-1 Ot211-2 OtG409-1 OtG409-2 Ot215-1 Ot215-2 Ot515-1 Ot515-2 Ot201-1 Ot201-2 Ogo2-1 Ogo2-2 Ssa408-1 Ssa408-2 OtG249-1 OtG249-2 Ot212-1 Ot212-2 OtG474-1 OtG474-2 Ogo4-1 Ogo4-2 OtG311-1 OtG311-2 
NS_15_C_BD_023 270 286 137 165 250 266 199 201 174 186 220 236 221 275 229 237 152 164 177 193 138 154 304 312
NS_15_C_BD_052 250 262 199 219 248 254 199 201 166 226 220 220 197 233 177 269 142 164 177 177 138 138 336 352
NS_15_C_BD_072 270 286 185 191 244 248 199 237 198 222 220 220 205 233 217 257 160 184 177 193 138 138 308 352
NS_15_C_BD_164 242 242 177 191 254 266 205 237 190 222 212 220 213 213 221 237 134 160 165 177 134 160 188 328
NS_15_C_BD_233 262 270 137 161 242 250 201 201 226 230 206 228 237 279 241 285 142 142 165 165 134 162 244 292
NS_15_C_BD_237 238 258 181 241 206 248 221 221 218 222 220 228 229 233 261 261 168 172 165 193 138 154 188 316
NS_15_C_BD_238 258 266 181 227 248 250 193 233 226 234 218 224 229 245 181 233 134 146 165 177 134 138 324 418
NS_15_C_BD_273 200 226 197 203 244 250 193 201 174 238 220 220 229 237 197 261 134 204 193 193 138 154 328 332
NS_15_C_BD_262 226 242 115 135 242 282 193 201 198 202 220 222 245 263 229 257 142 200 177 193 134 138 0 0
NS_15_C_BD_001 218 242 135 219 244 250 193 199 198 202 212 222 221 237 209 241 142 168 177 193 138 156 332 414
NS_15_C_BD_002 246 250 137 239 248 282 199 221 218 218 206 220 205 275 177 181 138 142 165 177 138 138 316 340
NS_15_C_BD_054 242 262 119 177 244 266 201 219 194 218 228 236 237 237 237 277 138 152 177 177 138 160 244 332
NS_15_C_BD_055 242 286 137 189 218 254 203 221 182 226 206 206 237 299 261 285 152 164 165 177 138 154 352 406
NS_15_C_BD_064 250 270 137 235 278 286 201 237 182 230 220 236 201 233 217 261 138 152 177 177 134 138 296 332
NS_15_C_BD_065 218 266 161 191 242 282 199 201 222 234 222 228 205 225 213 249 152 212 177 193 134 138 236 312
NS_15_C_BD_071 242 262 115 201 172 250 229 237 218 222 210 222 229 275 225 237 152 172 161 197 134 154 332 352
NS_15_C_BD_161 200 242 161 181 172 282 201 201 222 226 206 222 229 233 185 265 168 172 177 193 138 154 312 336
NS_15_C_BD_163 234 238 185 207 240 246 205 233 170 222 222 236 213 275 181 261 160 160 177 197 138 154 280 348
NS_15_C_BD_211 242 290 115 185 240 254 219 237 222 222 220 236 193 205 181 205 138 168 165 193 138 164 300 316
NS_15_C_AD_039 258 286 161 197 252 252 201 237 0 0 0 0 0 0 213 217 138 188 177 193 154 154 312 340
NS_15_C_AD_018 266 278 161 237 266 266 221 233 230 234 222 236 193 205 205 241 142 142 165 189 138 138 308 360
NS_15_C_AD_032 258 258 137 227 222 250 237 237 186 222 210 220 233 299 229 229 152 164 193 197 154 160 332 344
NS_15_C_AD_036 262 270 119 231 250 262 197 237 186 214 220 222 233 233 257 297 138 160 177 193 154 160 312 352
NS_15_C_AD_115 242 266 137 177 222 262 201 237 202 230 222 236 213 291 233 249 164 176 177 177 134 138 184 324
NS_15_C_AD_129 234 282 137 231 242 270 203 219 230 312 220 236 213 237 233 253 164 164 193 193 138 138 308 312
NS_15_C_AD_145 270 278 161 189 242 252 227 237 182 230 214 236 221 225 185 185 152 200 177 193 138 138 336 352
NS_15_C_AD_169 246 258 115 179 254 282 203 203 198 230 220 222 193 205 241 277 134 142 165 217 154 154 316 316
NS_15_C_AD_141 250 270 181 231 250 266 201 201 194 230 222 228 205 229 221 245 164 208 165 189 152 154 288 296
NS_15_C_AD_003 200 242 115 137 252 262 201 237 214 222 222 228 197 201 205 229 134 180 161 177 138 158 300 372
NS_15_C_AD_005 270 270 173 199 262 262 237 237 230 234 206 222 193 221 221 237 134 152 177 193 154 154 284 304
NS_15_C_AD_009 258 278 187 227 230 242 203 233 170 190 212 228 205 213 209 261 146 168 177 189 138 138 340 348
NS_15_C_AD_022 238 250 173 241 234 282 199 237 226 226 220 222 205 209 177 229 146 152 177 177 134 160 188 284
NS_15_C_AD_062 238 262 159 203 250 286 201 233 186 218 206 220 229 279 209 229 164 172 177 177 138 138 324 418
NS_15_C_AD_041 200 238 137 177 242 266 201 205 222 226 206 220 233 233 261 261 146 164 177 197 138 154 296 336
NS_15_OP_AD_102 234 258 115 197 250 286 203 233 178 194 212 236 205 213 209 225 142 152 165 177 138 154 184 244
NS_15_OP_AD_103 258 282 135 197 240 274 199 237 222 226 222 228 225 273 237 257 142 164 161 177 138 154 332 406
NS_15_OP_AD_104 254 262 235 241 242 262 201 227 198 214 210 228 205 233 233 241 142 168 177 221 138 160 352 406
NS_15_OP_AD_110 242 266 119 241 254 286 201 219 190 222 206 222 205 225 209 237 152 172 177 197 134 138 332 356
NS_15_OP_AD_112 250 250 191 241 254 266 201 201 170 226 228 236 197 237 209 213 142 142 177 177 138 138 184 344
NS_15_OP_AD_113 242 270 169 177 250 286 201 227 186 230 220 236 193 205 173 177 152 164 177 177 154 154 316 348
NS_15_OP_AD_114 274 278 115 219 246 274 201 233 170 230 220 228 213 233 177 181 142 142 177 189 154 154 336 426
NS_15_OP_AD_115 250 278 115 137 172 250 199 227 198 198 220 228 193 205 233 261 138 184 177 193 154 154 316 332
NS_15_OP_AD_116 242 250 137 165 262 270 227 233 194 222 220 222 283 287 221 257 146 184 177 193 138 154 244 344
NS_15_OP_AD_117 234 242 161 193 244 274 205 207 214 234 224 228 197 197 213 257 134 146 177 193 138 158 236 332
NS_15_OP_AD_119 258 290 137 137 206 286 201 205 182 186 228 236 193 229 205 237 152 152 177 177 138 154 188 344
NS_15_OP_AD_125 258 270 203 253 244 254 201 201 198 218 222 228 221 291 209 217 134 184 177 193 154 154 296 340
NS_15_OP_AD_127 266 282 161 177 248 270 201 227 186 202 222 222 229 237 229 237 168 168 189 193 154 154 188 332
NS_15_OP_AD_154 250 258 189 219 214 266 199 199 186 230 216 228 201 221 229 261 142 184 177 177 154 154 188 336
NS_15_OP_AD_156 270 286 119 161 250 258 199 199 190 222 206 222 225 267 233 237 142 172 177 193 138 162 336 348
NS_15_OP_AD_159 258 278 115 193 242 286 199 233 186 190 220 236 193 237 225 237 168 172 177 189 138 154 264 340
NS_15_OP_AD_162 218 254 199 253 242 250 183 201 198 202 228 236 205 237 205 233 134 152 193 217 134 158 184 268
NS_15_OP_AD_163 242 266 137 181 266 270 199 201 170 186 220 220 205 225 237 265 138 142 193 193 138 154 348 380
NS_15_OP_AD_167 270 270 115 133 266 266 205 237 174 230 212 222 193 213 213 237 142 152 177 189 138 162 312 340
NS_15_OP_AD_170 246 270 189 191 218 288 233 237 198 222 220 226 205 209 197 257 160 184 177 177 138 154 252 356
NS_15_OP_AD_171 258 278 181 201 234 278 201 221 190 198 220 226 217 233 177 261 152 160 177 189 154 160 316 360
NS_15_OP_AD_172 242 258 165 181 240 262 199 201 194 198 206 228 221 221 205 297 142 164 193 197 138 156 280 336
NS_15_OP_AD_174 266 278 115 191 266 282 201 205 198 214 206 228 213 287 205 237 142 142 177 193 138 154 188 352
NS_15_OP_AD_175 266 270 115 133 266 266 205 237 174 230 212 222 193 213 213 237 142 152 177 189 138 162 312 340
NS_15_OP_AD_238 242 274 161 197 262 288 201 233 186 230 220 222 197 295 237 237 152 168 189 197 154 160 320 352
NS_15_OP_AD_239 250 258 137 177 234 240 227 233 198 226 220 222 209 275 233 241 142 160 177 189 138 162 320 324
NS_15_OP_AD_240 242 254 181 191 222 246 201 201 166 186 220 228 193 237 205 241 134 152 177 193 138 154 340 340
NS_15_OP_AD_242 200 254 195 227 250 262 199 227 202 226 220 222 197 201 229 241 142 152 177 177 154 160 348 352
NS_15_OP_AD_243 262 282 177 193 242 270 199 227 226 230 220 236 205 229 209 253 146 164 193 193 138 138 308 324
NS_15_OP_AD_249 266 278 157 197 222 254 227 233 230 234 206 218 213 237 181 281 164 172 165 213 138 154 188 316
NS_15_OP_AD_251 238 238 157 161 266 266 199 237 186 230 220 222 213 273 241 245 164 184 177 193 154 160 288 288
NS_15_OP_AD_255 266 270 157 165 222 244 201 207 190 206 220 222 205 275 245 269 164 172 177 189 138 164 244 336
NS_15_OP_AD_259 242 258 195 237 250 266 199 201 222 234 206 236 221 233 241 245 146 168 177 197 154 162 340 356
NS_15_OP_AD_263 254 262 197 219 236 254 201 219 190 226 206 236 225 225 229 237 142 152 177 177 138 138 244 344
NS_15_OP_AD_265 234 242 155 195 244 266 201 227 234 234 212 220 245 263 237 245 146 164 177 193 134 162 296 336
NS_15_OP_AD_267 258 270 185 193 210 250 227 237 170 170 212 226 205 221 209 257 138 152 177 177 138 138 316 336
NS_15_OP_AD_269 274 290 115 235 250 278 201 207 170 170 212 214 209 275 229 237 138 142 165 217 138 154 184 288
NS_15_OP_AD_273 266 278 115 195 246 266 201 201 186 198 224 236 221 233 213 237 152 160 177 193 138 154 188 352
NS_15_OP_AD_274 200 242 227 245 250 266 199 219 222 226 206 222 201 213 205 229 134 172 181 189 134 134 340 344
NS_15_OP_AD_275 270 274 185 193 206 250 201 207 170 202 224 236 205 275 173 237 138 152 165 193 138 138 184 340
NS_15_OP_AD_276 242 286 177 193 222 250 227 233 182 194 220 236 201 205 233 237 134 152 193 193 160 160 320 336
NS_15_OP_AD_278 234 270 169 235 270 274 203 237 230 234 216 236 205 237 177 241 152 152 177 193 154 154 308 406
NS_15_OP_AD_279 218 242 115 177 238 266 199 201 194 230 236 236 197 205 257 257 142 184 193 197 138 154 188 336
NS_15_OP_AD_282 242 278 137 193 242 244 201 203 190 218 220 228 205 233 249 289 142 164 177 189 138 138 296 422
NS_15_OP_AD_284 266 282 235 237 222 230 227 237 198 202 220 226 193 213 257 257 142 160 177 197 138 162 280 324
NS_15_OP_AD_290 234 242 193 245 214 242 207 237 190 210 222 228 189 287 213 257 142 184 189 193 138 154 236 316
NS_15_OP_AD_292 258 278 187 229 230 242 203 233 170 190 212 228 205 213 209 261 146 168 177 189 138 138 340 348
NS_15_OP_AD_302 238 266 191 201 246 246 201 201 186 218 222 224 205 233 237 297 142 164 177 197 138 156 340 352
NS_15_OP_AD_304 262 282 161 197 172 240 199 237 182 226 220 222 213 279 225 257 142 164 161 177 138 154 244 406
NS_15_OP_AD_306 242 270 163 235 222 278 201 227 202 276 206 228 205 229 237 241 152 164 177 189 154 162 296 332
NS_15_OP_AD_338 192 246 119 137 248 262 207 233 202 230 222 228 205 221 225 229 138 142 177 189 154 154 340 414
NS_15_OP_AD_341 238 258 161 235 254 274 201 203 190 198 222 222 209 229 181 221 152 184 177 197 138 138 276 380
NS_15_OP_AD_343 238 258 161 197 254 286 207 233 186 194 220 228 225 233 237 277 152 184 165 177 138 160 344 380
NS_15_OP_AD_345 242 282 137 177 242 250 193 199 230 234 222 236 229 237 253 273 146 146 177 177 154 154 352 352
NS_15_OP_AD_348 258 270 181 197 234 254 199 233 182 226 206 228 205 237 181 181 146 152 193 193 134 154 276 402
NS_15_OP_AD_350 238 274 177 235 230 246 199 199 226 230 222 222 205 205 173 257 142 164 177 189 138 154 340 406
NS_15_OP_AD_355 200 258 135 227 248 258 201 233 194 234 220 220 205 233 181 205 142 164 177 189 154 154 188 344
NS_15_OP_AD_356 234 290 119 161 242 258 199 199 190 222 220 222 205 225 217 233 142 142 177 193 138 162 280 340
NS_15_OP_AD_357 242 262 115 165 240 250 201 237 230 230 220 220 205 225 209 261 152 152 177 177 138 154 308 414
NS_15_OP_AD_360 270 282 189 189 266 266 207 237 222 234 220 220 205 273 225 249 146 152 177 197 138 138 292 352
NS_15_OP_AD_362 234 266 137 141 222 250 237 237 198 226 220 222 229 233 229 233 142 146 177 193 138 138 280 332
NS_15_OP_AD_363 238 266 137 137 244 262 199 207 202 234 222 228 221 283 229 229 142 184 193 193 138 138 336 352
NS_15_OP_AD_364 246 258 163 181 266 274 201 237 222 230 220 222 213 291 233 261 164 172 177 193 154 154 320 332
NS_15_OP_AD_373 200 242 115 189 172 266 201 201 198 226 222 222 201 233 229 245 160 168 177 189 138 154 352 356
NS_15_OP_AD_376 218 242 161 235 226 270 201 207 170 222 220 220 205 229 213 213 142 142 177 177 138 138 308 312
NS_15_OP_AD_377 270 278 165 219 206 254 219 233 218 230 218 220 197 225 229 249 180 188 193 193 134 138 320 336
NS_15_OP_AD_380 242 250 115 247 214 234 201 237 190 226 228 236 233 299 177 229 142 164 193 213 138 138 188 336
NS_15_OP_AD_381 242 278 115 165 248 266 201 221 222 230 206 224 205 221 185 245 142 164 177 185 138 160 184 272
NS_15_OP_AD_382 258 262 137 191 262 266 199 227 202 210 220 228 193 221 213 249 138 160 165 177 134 138 296 304
NS_15_OP_AD_387 242 270 173 219 240 250 205 207 186 202 206 220 193 229 229 233 138 152 177 185 138 154 188 308
NS_15_OP_AD_390 258 278 155 247 262 266 199 201 222 230 218 222 213 287 237 241 134 138 165 213 138 138 268 316
NS_15_OP_AD_404 226 258 115 181 238 250 203 203 190 230 220 228 205 233 237 241 146 164 177 189 138 154 272 312
NS_15_OP_AD_407 274 286 115 165 248 270 207 237 198 234 206 220 205 205 233 237 142 146 177 193 154 156 336 388
NS_15_OP_AD_410 200 242 169 181 266 274 201 205 186 210 206 220 201 213 217 253 164 168 177 177 154 156 184 328
NS_15_OP_AD_413 270 282 175 213 182 244 219 237 190 222 214 220 221 229 265 269 172 242 161 189 138 160 288 312
NS_15_OP_AD_414 246 274 193 227 258 266 201 233 218 230 220 222 201 237 233 273 146 152 193 197 138 154 236 236
NS_15_OP_AD_415 242 282 115 185 210 218 201 237 186 230 220 228 229 229 173 241 134 212 177 177 138 158 296 332
NS_15_OP_AD_417 226 246 115 241 266 286 199 237 226 226 220 222 201 221 237 237 134 152 177 177 134 154 324 352
NS_15_OP_AD_419 218 286 157 165 260 274 203 205 222 230 220 224 197 213 233 245 168 176 177 177 138 162 184 348
NS_15_OP_AD_423 242 254 115 185 240 250 193 199 206 226 206 228 205 221 181 233 152 160 193 193 134 138 244 316
NS_15_OP_AD_431 258 274 195 257 262 266 199 201 202 210 218 220 209 283 177 277 138 164 177 177 138 156 320 376
NS_15_OP_AD_432 218 282 159 191 242 262 199 199 170 226 222 222 233 237 233 245 152 168 193 213 138 154 320 372
NS_15_OP_AD_435 258 266 161 253 250 254 201 207 222 226 222 222 205 229 209 229 160 164 177 193 138 162 316 392
NS_15_OP_AD_436 234 250 137 193 266 270 199 237 226 230 222 236 237 273 181 209 160 168 177 193 138 156 236 344
NS_15_OP_AD_437 242 270 189 205 230 262 193 203 194 230 218 220 193 229 181 225 146 168 189 197 154 154 236 280
NS_15_OP_AD_440 250 282 177 207 172 254 199 199 170 174 222 228 233 291 209 233 138 180 189 193 154 154 336 380
NS_15_OP_AD_441 258 274 115 155 222 242 199 205 222 234 228 228 193 299 273 277 134 164 193 221 154 154 308 332
NS_15_OP_AD_442 238 270 177 193 238 244 193 219 190 230 206 222 205 275 209 237 164 168 177 193 138 154 344 406
NS_15_OP_AD_443 266 266 187 227 236 242 203 233 170 190 220 228 205 237 209 225 142 168 177 193 138 138 340 410
NS_15_OP_AD_446 242 278 161 177 182 266 221 237 222 222 212 220 205 213 217 237 134 146 177 193 134 154 308 344
NS_15_OP_AD_449 278 286 189 195 250 266 199 227 202 230 220 222 233 279 209 237 152 164 177 193 134 154 236 336
NS_15_OP_AD_450 218 262 115 177 222 244 205 233 230 234 222 228 193 225 205 249 134 164 189 193 138 154 388 414
NS_15_OP_AD_451 234 262 137 253 262 266 233 233 230 230 206 222 193 229 261 261 138 152 177 193 154 154 288 380
NS_15_OP_AD_452 270 290 181 189 244 266 237 237 186 202 206 212 193 201 229 257 146 164 177 189 134 138 308 352
NS_15_OP_AD_453 234 274 115 115 214 222 201 237 198 230 220 228 201 205 245 253 142 146 177 177 154 154 316 328
NS_15_OP_AD_454 200 282 115 253 214 222 201 205 194 222 220 222 229 237 233 273 152 164 165 221 138 154 332 352
NS_15_OP_AD_455 242 266 119 189 234 250 201 221 222 226 220 222 209 221 221 269 142 160 193 197 134 154 332 348
NS_15_OP_AD_456 242 266 137 227 266 270 201 229 198 222 220 220 197 237 233 237 152 168 177 193 154 154 252 340
NS_15_OP_AD_480 218 282 115 253 244 266 199 233 194 194 226 236 193 299 245 249 160 164 177 189 138 154 316 402
NS_15_OP_AD_482 238 258 161 219 250 254 199 201 198 202 220 222 209 283 209 237 134 138 165 177 138 162 256 312
NS_15_OP_AD_493 234 270 137 191 250 258 201 237 198 202 206 220 249 287 237 257 160 168 189 189 134 138 184 308
NS_15_OP_AD_495 238 270 115 193 210 240 207 227 226 230 220 220 201 275 181 233 160 168 177 201 138 154 268 332
NS_15_OP_AD_497 234 242 137 199 222 250 219 237 190 222 218 228 193 205 173 229 142 146 165 189 138 154 316 340
NS_15_OP_AD_500 200 258 137 181 266 270 205 237 182 210 214 220 237 283 177 213 134 138 177 177 138 154 352 384
NS_15_OP_AD_505 234 274 133 137 270 270 199 227 198 198 222 228 205 273 177 249 142 160 193 197 156 164 320 372
NS_15_OP_AD_506 258 258 135 189 254 270 199 201 170 222 220 236 193 225 221 317 134 152 177 197 138 138 188 280
NS_15_OP_AD_507 238 266 115 161 250 270 201 219 178 218 206 236 229 237 237 277 146 160 165 193 154 162 336 418
NS_15_OP_AD_510 200 246 115 177 222 262 219 233 222 230 220 222 201 221 237 241 142 146 165 177 138 154 188 312
NS_15_OP_AD_513 258 278 115 201 172 266 199 237 178 198 222 228 205 205 237 277 152 164 177 197 138 160 188 188
NS_15_OP_AD_516 200 270 189 193 250 262 193 201 202 222 222 236 229 273 225 273 142 168 177 189 134 154 336 340
NS_15_OP_AD_520 258 278 137 191 206 260 203 221 202 230 220 222 201 229 181 237 138 152 185 197 154 154 348 360
NS_15_OP_AD_524 218 270 161 181 222 250 205 227 190 222 220 236 221 233 225 241 134 164 177 189 138 138 252 392
NS_15_OP_AD_525 222 278 115 189 222 244 201 203 190 316 214 228 233 237 237 265 146 152 177 189 138 138 332 336
NS_15_OP_AD_528 262 270 157 161 266 288 221 233 230 230 222 222 205 233 181 209 142 142 165 177 154 154 188 316
NS_15_OP_AD_530 242 290 223 249 234 250 199 201 186 218 222 228 205 233 181 285 142 152 177 177 138 138 316 324
NS_15_OP_AD_532 238 270 161 235 206 250 201 201 202 222 222 236 197 205 173 217 142 156 165 193 134 138 256 340
NS_15_OP_AD_533 270 278 235 241 262 282 201 205 186 218 212 222 209 221 205 225 152 204 189 193 138 154 292 344
NS_15_OP_AD_534 258 270 119 161 222 244 199 233 190 222 206 220 225 291 181 237 138 142 177 189 138 154 328 336
NS_15_OP_AD_541 254 262 163 185 236 286 203 221 222 234 222 236 229 229 229 233 142 168 189 193 138 138 272 340
NS_15_OP_AD_546 242 250 115 119 250 252 199 221 202 222 220 228 225 229 185 237 160 172 177 193 154 162 332 348
NS_15_OP_AD_553 242 286 119 185 244 278 205 227 198 230 214 220 213 233 241 273 164 168 177 177 138 154 344 352
NS_15_OP_AD_554 200 250 161 233 214 270 183 237 222 238 220 222 193 205 213 277 134 152 177 193 134 138 184 340
NS_15_OP_AD_556 242 242 191 269 250 274 205 233 202 222 220 228 209 237 225 237 164 164 193 193 154 156 348 426
NS_15_OP_AD_563 242 278 191 197 222 266 199 199 230 234 206 212 197 287 225 289 134 180 177 177 138 138 312 316
NS_15_OP_AD_566 246 262 177 235 266 282 199 237 190 226 220 220 205 233 213 237 146 152 165 177 134 154 188 284
NS_15_OP_AD_568 242 258 115 191 250 270 233 233 190 194 214 228 193 233 233 237 142 142 177 197 154 154 312 388
NS_15_OP_AD_570 242 258 155 235 250 266 193 201 222 230 220 220 221 229 253 273 184 184 165 193 154 156 236 414
NS_15_OP_AD_572 234 278 223 235 256 266 201 221 190 198 212 228 221 275 205 233 138 152 189 189 154 154 236 316
NS_15_OP_AD_576 238 238 137 227 222 230 201 227 202 226 206 220 229 273 257 277 152 164 177 177 154 156 336 406
NS_15_OP_AD_577 200 270 137 227 254 274 193 219 186 190 206 222 225 233 233 273 142 164 161 193 134 154 336 414
NS_15_OP_AD_580 238 242 135 185 222 246 201 233 214 230 206 228 205 263 233 237 146 184 177 189 138 160 336 336
NS_15_OP_AD_586 274 290 181 199 214 266 233 237 202 222 220 228 221 229 225 233 134 142 189 197 138 138 252 348
NS_15_OP_AD_588 242 286 137 191 266 266 199 201 186 222 212 228 275 279 245 249 164 168 181 197 138 154 348 406
NS_15_OP_AD_592 242 290 161 195 242 250 199 205 198 226 206 236 205 233 233 277 134 152 177 193 138 156 336 410
NS_15_OP_AD_600 238 254 161 201 250 266 199 201 202 230 220 220 205 287 237 257 160 184 177 197 138 154 308 344
NS_15_OP_AD_602 242 270 181 219 240 248 199 199 186 230 218 222 205 287 237 265 152 164 177 177 134 160 300 316
NS_15_OP_AD_603 238 262 137 181 260 270 203 221 190 202 222 222 205 213 209 237 152 152 189 193 138 154 308 360
NS_15_OP_AD_615 270 282 119 137 244 262 199 201 190 206 206 228 197 237 205 237 152 152 177 189 138 162 340 352
NS_15_OP_AD_616 200 246 161 177 244 262 203 227 222 230 222 228 193 221 237 241 146 168 165 177 138 154 188 356
NS_15_OP_AD_617 200 258 181 191 226 248 199 201 194 202 206 222 205 229 233 257 160 164 193 197 138 154 184 276
NS_15_OP_AD_624 266 270 193 201 242 248 201 219 186 198 220 228 233 275 237 241 142 188 177 177 138 154 188 312
NS_15_OP_AD_631 246 274 137 181 244 286 203 233 186 230 220 222 213 229 229 241 146 152 193 193 154 154 316 352
NS_15_OP_AD_658 234 278 157 177 242 242 199 205 186 226 220 220 197 225 181 261 146 168 177 193 138 154 312 324
NS_15_OP_AD_664 282 290 181 245 214 244 197 199 202 234 236 236 193 197 217 225 142 164 165 193 154 154 296 348
NS_15_OP_AD_099 200 282 115 191 266 288 199 201 198 226 220 236 209 225 213 261 138 184 177 193 138 160 184 336
NS_15_OP_AD_100 270 286 133 235 250 286 237 237 186 214 206 216 225 229 177 225 138 164 193 193 138 154 312 328
NS_15_OP_AD_101 266 278 161 237 262 266 221 233 230 234 222 236 193 205 205 241 142 142 165 189 138 138 308 360
NS_15_OP_AD_105 250 266 135 177 256 266 221 233 190 230 222 222 193 233 225 277 168 176 177 177 138 154 340 348
NS_15_OP_AD_106 242 242 165 219 230 250 201 237 198 226 206 220 205 283 177 237 152 172 165 177 138 154 308 352
NS_15_OP_AD_107 238 242 177 227 254 270 199 237 194 198 220 222 193 229 229 229 134 156 177 197 134 154 312 320
NS_15_OP_AD_108 242 242 221 241 234 266 199 201 186 230 220 220 221 275 229 237 168 172 165 193 138 160 280 328
NS_15_OP_AD_109 262 270 153 237 222 266 221 233 230 230 222 222 205 233 229 233 164 172 165 177 138 154 188 288
NS_15_OP_AD_111 262 278 165 227 236 254 193 233 198 234 236 236 193 275 237 237 142 184 189 193 138 138 188 336
NS_15_OP_AD_118 200 242 177 235 250 262 199 199 202 218 206 228 193 205 181 273 138 142 165 197 154 154 264 352
NS_15_OP_AD_120 242 266 115 193 222 242 233 237 222 226 220 226 221 233 225 285 146 152 177 189 134 138 328 410
NS_15_OP_AD_121 262 270 119 231 250 262 197 237 186 214 220 222 233 233 257 297 138 160 177 193 154 160 316 352
NS_15_OP_AD_122 254 258 115 235 240 256 193 201 190 230 220 228 229 233 213 273 152 184 177 193 138 154 284 414
NS_15_OP_AD_123 242 262 115 165 226 240 199 207 202 202 222 228 205 205 217 229 152 164 177 193 154 154 340 348
NS_15_OP_AD_124 258 258 115 115 234 262 201 201 230 230 220 228 193 225 237 297 142 152 177 177 134 162 324 336
NS_15_OP_AD_126 200 250 173 193 244 250 199 207 230 234 220 236 205 221 233 245 142 184 165 197 138 154 188 320
NS_15_OP_AD_155 266 270 161 181 246 250 199 201 182 234 216 228 201 221 181 269 142 180 177 189 138 154 188 356
NS_15_OP_AD_157 238 254 177 207 248 248 199 227 186 222 214 220 193 205 177 261 160 196 177 189 138 154 184 406
NS_15_OP_AD_158 242 242 189 235 240 266 201 227 186 190 228 236 273 283 225 237 134 212 165 165 154 160 320 344
NS_15_OP_AD_160 250 258 157 165 206 206 233 237 226 234 222 222 197 205 209 261 142 142 177 193 156 160 348 352
NS_15_OP_AD_161 266 282 193 235 262 270 199 207 182 190 222 222 233 287 205 253 146 172 165 165 138 154 240 332
NS_15_OP_AD_164 238 290 181 245 238 270 201 219 198 230 212 220 237 275 181 261 164 168 193 197 134 162 312 328
NS_15_OP_AD_166 200 246 181 227 246 250 233 233 202 210 222 228 205 233 177 249 142 164 193 197 138 162 336 426
NS_15_OP_AD_169 222 294 193 205 240 270 201 233 194 222 216 222 205 209 181 181 142 152 193 193 138 154 276 320
NS_15_OP_AD_173 242 254 191 235 254 270 203 233 182 198 220 220 205 213 241 257 152 160 177 213 134 154 316 392
NS_15_OP_AD_241 234 254 187 195 206 262 201 233 210 230 218 228 197 221 177 261 146 168 177 193 134 160 308 352
NS_15_OP_AD_244 192 238 161 181 238 270 201 201 198 226 206 212 205 273 217 277 164 168 193 197 138 162 312 316
NS_15_OP_AD_245 242 270 189 199 238 238 221 233 230 234 220 222 221 237 221 245 134 134 193 193 138 154 336 352
NS_15_OP_AD_246 242 254 197 235 242 286 205 227 170 178 212 236 205 205 209 225 142 152 165 177 154 154 244 392
NS_15_OP_AD_247 258 282 115 137 246 266 207 207 174 230 214 228 205 233 173 237 142 164 177 197 138 138 340 356
NS_15_OP_AD_248 258 262 137 221 244 270 227 237 226 230 218 220 193 229 237 265 142 176 165 193 134 154 188 324
NS_15_OP_AD_250 270 290 197 219 248 270 193 201 182 234 220 236 237 237 229 249 142 168 165 165 138 138 244 308
NS_15_OP_AD_252 234 258 185 191 250 254 199 237 190 226 216 236 197 197 237 269 138 172 177 193 138 160 284 336
NS_15_OP_AD_253 242 258 137 253 250 254 199 227 222 230 228 236 229 237 225 237 134 142 177 177 154 160 320 320
NS_15_OP_AD_254 258 266 115 181 222 250 201 207 198 230 206 220 205 229 177 261 134 152 193 217 154 160 252 312
NS_15_OP_AD_256 242 278 135 227 242 266 193 205 186 202 220 236 237 275 181 217 146 184 177 189 138 138 304 406
NS_15_OP_AD_257 234 270 191 233 234 250 201 237 230 230 220 220 201 263 261 297 152 184 177 193 138 154 324 336
NS_15_OP_AD_258 270 278 197 257 266 266 201 237 222 230 206 222 193 205 209 261 142 164 165 177 138 160 316 344
NS_15_OP_AD_260 278 282 161 233 244 254 201 237 190 198 206 222 233 275 265 281 142 164 177 193 138 138 336 348
NS_15_OP_AD_261 270 270 177 197 206 236 199 201 214 218 220 220 197 205 177 229 142 142 193 193 154 154 340 344
NS_15_OP_AD_262 262 290 137 181 238 254 227 233 210 230 220 222 205 205 245 269 146 152 189 193 138 138 280 300
NS_15_OP_AD_264 234 274 161 235 222 270 201 219 190 190 206 220 205 233 225 241 172 184 177 177 138 154 312 316
NS_15_OP_AD_266 258 278 137 227 206 258 193 237 202 230 206 220 193 213 237 253 160 164 177 177 138 160 236 320
NS_15_OP_AD_268 242 242 181 237 222 244 199 199 202 230 222 228 229 237 217 229 164 172 177 177 134 138 188 348
NS_15_OP_AD_270 242 278 161 191 266 288 199 227 190 198 222 222 193 205 237 249 134 142 165 177 134 162 288 364
NS_15_OP_AD_271 262 270 115 115 254 278 205 227 222 222 222 236 221 229 237 249 138 184 165 177 134 154 188 316
NS_15_OP_AD_272 242 258 161 219 206 230 199 205 186 234 220 228 233 275 229 237 142 184 177 177 134 138 188 352
NS_15_OP_AD_277 242 242 161 177 244 266 221 237 182 190 220 236 229 237 237 273 142 168 193 193 154 160 336 340
NS_15_OP_AD_280 238 278 115 227 254 266 199 205 162 198 222 236 213 275 209 213 142 142 177 193 138 154 288 414
NS_15_OP_AD_281 234 274 135 235 234 254 203 219 182 190 220 228 233 275 229 233 168 172 165 165 154 162 312 406
NS_15_OP_AD_283 234 242 161 161 240 266 201 227 170 190 222 236 193 229 225 237 134 212 165 193 154 162 344 372
NS_15_OP_AD_285 258 262 189 193 222 250 201 201 170 226 222 224 201 205 217 229 164 164 189 193 154 160 188 316
NS_15_OP_AD_286 242 242 165 237 250 250 199 201 194 218 222 228 201 233 233 281 134 146 177 217 138 154 316 356
NS_15_OP_AD_287 242 254 177 181 206 266 193 211 230 238 220 228 279 299 181 281 138 212 165 177 138 138 344 348
NS_15_OP_AD_288 274 286 133 137 262 270 199 227 218 218 222 228 205 273 177 233 138 142 193 197 156 164 320 348
NS_15_OP_AD_289 250 262 187 237 244 262 199 203 190 214 218 224 193 209 205 213 152 168 165 177 134 154 316 344
NS_15_OP_AD_291 242 258 185 189 210 222 199 199 194 230 220 222 229 237 205 237 142 168 165 193 154 156 296 340
NS_15_OP_AD_298 274 286 165 197 246 256 201 207 170 190 222 226 201 201 233 245 142 152 177 177 138 154 188 312
NS_15_OP_AD_299 270 278 161 189 242 252 227 237 182 230 214 236 221 225 185 237 152 200 177 193 138 138 336 352
NS_15_OP_AD_300 218 242 137 193 244 262 201 233 198 230 206 228 205 221 205 265 164 172 177 193 154 154 340 414
NS_15_OP_AD_301 200 234 137 191 250 254 199 237 230 234 220 236 205 225 213 317 134 172 177 189 154 154 252 296
NS_15_OP_AD_303 242 270 137 185 244 258 201 233 190 190 214 220 205 221 225 277 142 184 193 217 134 162 312 320
NS_15_OP_AD_305 238 250 191 241 262 282 201 227 190 230 220 222 193 193 205 245 142 172 177 189 138 154 236 336
NS_15_OP_AD_307 200 242 115 165 250 266 227 237 186 222 222 222 229 237 229 229 160 160 177 193 134 160 332 348
NS_15_OP_AD_308 238 290 115 237 238 248 227 233 170 170 214 220 201 221 245 261 142 160 177 193 154 154 284 340
NS_15_OP_AD_309 200 274 115 135 250 250 201 227 186 198 212 228 201 275 209 277 138 164 165 177 138 154 320 336
NS_15_OP_AD_310 246 254 137 199 172 206 199 227 182 194 228 236 193 275 233 237 142 152 189 193 138 154 312 312
NS_15_OP_AD_311 262 290 115 253 258 282 233 233 202 234 220 222 193 225 229 233 134 146 189 189 154 166 336 344
NS_15_OP_AD_312 200 278 181 197 172 250 201 237 186 194 222 228 193 229 213 257 160 168 165 189 138 154 312 360
NS_15_OP_AD_339 218 242 161 181 250 282 233 237 186 210 220 222 205 213 217 257 134 142 193 193 134 138 348 352
NS_15_OP_AD_340 270 274 181 191 222 266 199 205 218 230 212 220 193 205 181 213 142 164 177 177 154 160 316 332
NS_15_OP_AD_342 242 258 135 165 266 274 199 221 210 218 218 236 225 229 181 181 134 242 177 217 138 138 296 316
NS_15_OP_AD_344 250 274 115 193 282 282 201 203 190 226 212 220 201 205 205 257 138 200 189 193 134 154 244 308
NS_15_OP_AD_346 242 246 115 161 238 282 199 199 186 234 220 228 205 275 177 277 134 138 165 177 134 138 328 410
NS_15_OP_AD_347 278 286 119 193 244 266 205 237 230 252 206 206 205 205 177 237 134 204 177 193 160 160 292 296
NS_15_OP_AD_349 238 270 189 191 230 242 193 201 222 222 206 206 229 233 233 261 146 168 177 177 138 138 324 340
NS_15_OP_AD_351 238 270 191 219 250 266 207 237 198 202 228 236 229 233 237 285 138 142 165 177 138 156 184 288
NS_15_OP_AD_352 262 266 135 177 236 256 199 221 230 238 222 222 213 213 225 277 134 168 177 177 138 160 340 348
NS_15_OP_AD_353 250 278 219 235 244 250 219 237 186 194 206 218 205 229 213 285 142 168 177 193 138 154 336 340
NS_15_OP_AD_354 242 262 169 177 242 274 199 199 230 260 220 222 279 295 249 261 180 184 165 193 154 154 316 352
NS_15_OP_AD_358 200 242 197 197 242 258 201 237 186 222 220 224 193 267 217 265 160 168 177 193 134 160 296 352
NS_15_OP_AD_359 242 242 135 157 240 244 199 227 202 222 206 228 209 237 229 237 164 164 177 193 154 156 348 426
NS_15_OP_AD_361 234 266 161 161 222 244 199 201 222 226 206 210 205 221 233 277 138 142 177 193 154 154 316 352
NS_15_OP_AD_365 242 250 185 189 250 254 199 205 230 234 220 228 213 273 241 241 146 176 165 193 154 160 280 344
NS_15_OP_AD_366 242 278 181 191 250 292 201 203 190 222 220 220 205 225 177 253 142 168 177 181 154 154 284 312
NS_15_OP_AD_367 218 262 137 189 248 266 221 221 198 222 206 222 233 233 233 257 138 142 177 197 138 156 336 344
NS_15_OP_AD_368 238 242 137 157 236 250 199 201 230 230 222 228 237 237 209 229 164 208 161 165 138 154 188 426
NS_15_OP_AD_369 262 274 177 227 250 250 193 227 190 202 222 236 233 287 233 257 138 142 165 189 138 154 296 344
NS_15_OP_AD_370 242 266 161 233 246 250 201 227 214 230 220 228 229 229 233 261 142 152 193 217 134 160 316 336
NS_15_OP_AD_371 234 246 161 191 222 282 201 201 182 194 220 220 205 221 225 237 146 160 161 189 134 134 188 316
NS_15_OP_AD_372 200 254 181 197 210 238 205 221 202 230 218 228 205 237 193 217 138 138 177 193 138 154 308 328
NS_15_OP_AD_374 258 266 161 233 246 248 201 201 214 230 228 228 229 229 241 261 142 152 193 217 154 154 188 316
NS_15_OP_AD_375 238 254 161 161 246 250 199 201 218 230 220 236 205 233 217 237 164 168 165 177 138 154 304 352
NS_15_OP_AD_378 242 242 115 235 206 274 199 233 226 230 220 228 205 299 217 245 160 168 177 189 134 138 280 336
NS_15_OP_AD_379 286 310 181 253 234 248 201 233 206 218 212 228 205 213 177 289 146 156 177 177 154 154 184 332
NS_15_OP_AD_383 242 242 135 235 242 250 201 201 198 230 228 236 209 209 205 261 138 146 177 189 154 162 288 320
NS_15_OP_AD_384 234 234 181 191 250 254 201 233 186 214 220 228 205 263 233 297 146 184 165 189 138 160 312 336
NS_15_OP_AD_385 242 258 135 193 244 278 201 203 194 226 220 236 237 303 253 273 142 152 165 189 138 154 336 344
NS_15_OP_AD_386 258 286 137 181 206 248 201 233 186 190 220 236 205 205 193 205 142 156 165 193 154 154 316 388
NS_15_OP_AD_388 234 242 203 231 226 246 201 233 186 230 220 226 229 291 181 261 146 168 177 193 138 154 332 340
NS_15_OP_AD_389 258 270 115 161 222 244 201 233 198 316 214 222 213 225 229 241 164 168 165 193 134 154 324 388
NS_15_OP_AD_391 258 258 223 245 248 254 201 203 218 222 222 236 205 229 233 269 142 184 177 177 138 160 344 344
NS_15_OP_AD_392 274 282 135 181 234 270 201 237 230 238 206 222 205 213 217 221 142 212 189 193 154 154 348 352
NS_15_OP_AD_393 242 242 137 161 250 250 193 227 226 230 222 222 229 229 241 241 134 168 165 177 154 162 332 348
NS_15_OP_AD_394 242 266 195 197 222 244 219 233 182 198 206 218 205 213 185 269 142 146 177 193 138 154 188 340
NS_15_OP_AD_395 242 278 115 169 250 254 199 237 190 190 206 236 193 213 177 237 142 146 165 165 138 160 184 296
NS_15_OP_AD_396 238 270 177 201 244 248 201 207 182 198 228 236 229 275 229 249 152 164 177 177 138 138 188 328
NS_15_OP_AD_397 238 258 161 201 262 274 201 233 206 218 226 228 221 225 229 241 152 184 165 193 138 160 280 406
NS_15_OP_AD_398 200 262 177 181 240 258 201 201 186 226 220 224 193 205 229 257 134 142 177 213 138 154 316 348
NS_15_OP_AD_399 242 242 165 237 206 250 201 237 218 222 206 236 201 233 233 241 168 168 177 217 138 154 316 356
NS_15_OP_AD_400 238 262 219 229 222 266 201 201 182 218 220 222 205 237 181 241 164 164 165 177 154 154 188 426
NS_15_OP_AD_401 262 286 137 153 252 270 201 201 186 198 228 238 229 291 213 241 142 164 177 189 138 160 348 352
NS_15_OP_AD_402 258 258 115 227 244 266 199 233 230 234 228 236 225 275 205 237 164 212 177 189 138 154 284 352
NS_15_OP_AD_403 238 270 115 115 258 266 201 207 226 230 206 220 193 287 217 261 134 164 177 197 134 138 272 308
NS_15_OP_AD_405 242 294 191 219 248 256 199 227 182 186 222 236 221 229 209 261 160 184 189 193 138 154 244 328
NS_15_OP_AD_406 258 286 161 197 252 266 201 237 186 194 218 220 229 275 213 217 138 188 177 193 154 154 312 340
NS_15_OP_AD_408 234 282 137 231 240 242 203 219 230 312 220 236 213 237 233 253 152 164 193 193 138 138 308 312
NS_15_OP_AD_409 238 282 191 219 266 270 193 205 230 234 220 236 213 283 229 273 134 142 177 193 154 154 188 252
NS_15_OP_AD_411 270 270 169 219 248 274 201 237 186 230 216 228 205 275 245 261 142 152 165 177 154 154 244 308
NS_15_OP_AD_412 266 286 159 231 236 250 199 237 190 222 210 236 229 233 229 281 138 164 165 197 154 154 288 376
NS_15_OP_AD_416 246 262 115 137 266 282 199 237 218 230 206 236 225 233 181 205 134 138 177 177 138 154 188 252
NS_15_OP_AD_418 246 258 115 179 254 282 203 203 198 230 220 222 193 205 241 277 134 142 165 217 154 154 312 316
NS_15_OP_AD_420 258 266 161 161 230 250 193 201 182 194 206 220 221 233 249 261 146 168 193 217 134 138 332 360
NS_15_OP_AD_421 242 258 115 177 250 266 199 227 186 234 220 220 221 229 237 245 134 152 177 193 134 138 188 296
NS_15_OP_AD_422 242 242 177 191 250 292 199 237 222 234 220 220 193 275 177 181 146 168 165 189 154 154 284 316
NS_15_OP_AD_424 242 282 191 191 206 244 193 219 214 218 220 220 229 287 237 273 164 184 177 193 138 138 336 352
NS_15_OP_AD_425 242 282 137 201 236 240 205 233 218 230 210 218 197 237 205 225 168 172 177 189 156 160 336 340
NS_15_OP_AD_426 266 270 181 193 262 266 201 227 178 198 222 236 233 275 173 249 138 168 177 189 154 160 316 320
NS_15_OP_AD_427 258 274 173 181 266 274 199 201 226 238 220 222 197 229 217 297 138 164 177 177 138 138 188 320
NS_15_OP_AD_428 200 238 191 235 238 244 193 221 218 234 222 236 205 221 217 233 134 138 165 193 138 162 184 316
NS_15_OP_AD_429 242 278 115 177 234 274 199 203 170 214 220 228 205 233 237 281 146 152 189 193 154 162 280 320
NS_15_OP_AD_430 200 234 137 189 230 270 199 203 202 226 224 224 205 273 229 265 142 184 165 177 138 154 328 426
NS_15_OP_AD_433 242 270 135 219 244 246 233 233 190 234 220 220 233 237 205 233 168 168 165 177 154 160 320 336
NS_15_OP_AD_434 250 266 193 193 210 270 205 219 222 234 222 222 225 237 237 241 142 152 177 177 138 154 324 332
NS_15_OP_AD_438 246 266 115 191 172 266 201 201 190 202 220 222 193 233 237 257 138 152 189 193 138 154 320 352
NS_15_OP_AD_439 242 286 137 219 242 266 199 201 186 226 206 220 233 279 237 261 142 168 197 213 134 154 308 320
NS_15_OP_AD_444 238 258 197 253 230 270 183 201 206 222 206 222 197 275 217 229 152 184 161 177 154 154 320 376
NS_15_OP_AD_445 242 246 119 195 246 250 201 233 190 230 206 236 205 275 225 261 134 164 189 193 138 162 236 312
NS_15_OP_AD_447 200 258 165 191 248 266 199 233 190 234 214 222 205 233 177 273 164 164 177 177 134 154 308 352
NS_15_OP_AD_448 242 270 115 181 234 262 219 233 222 234 222 228 205 205 205 217 152 160 177 189 138 154 320 348
NS_15_OP_AD_457 254 258 191 241 262 278 199 227 222 226 212 228 193 229 241 241 142 184 177 193 154 154 312 336
NS_15_OP_AD_458 258 294 135 235 218 288 227 237 218 226 222 236 213 233 217 225 134 134 177 193 154 162 300 312
NS_15_OP_AD_459 242 290 181 181 222 270 205 233 222 230 220 222 201 237 217 277 168 176 161 217 138 154 184 188
NS_15_OP_AD_460 250 250 191 219 262 266 199 201 190 226 206 236 197 205 209 229 142 184 177 177 154 154 184 344
NS_15_OP_AD_461 258 270 165 227 230 274 229 233 198 218 222 236 233 273 245 257 164 176 177 177 138 154 188 336
NS_15_OP_AD_462 238 258 115 177 246 266 205 205 190 202 220 220 209 233 213 237 156 168 177 193 138 154 340 352
NS_15_OP_AD_463 200 262 115 115 240 250 199 219 198 218 228 228 237 275 225 241 142 146 177 177 134 138 280 348
NS_15_OP_AD_465 246 258 137 235 250 278 227 233 202 202 220 228 193 233 181 221 164 164 165 197 154 154 332 332
NS_15_OP_AD_466 242 278 115 193 248 250 205 221 202 218 206 222 197 237 177 253 156 168 177 217 138 138 236 344
NS_15_OP_AD_467 218 266 195 205 250 266 199 201 226 226 220 236 197 237 213 229 138 168 165 189 138 162 308 320
NS_15_OP_AD_468 242 258 115 197 254 266 205 219 210 226 228 236 205 229 181 217 134 138 177 177 138 154 188 280
NS_15_OP_AD_469 250 270 191 193 250 250 201 227 186 226 220 220 233 237 249 297 142 142 165 177 154 154 316 376
NS_15_OP_AD_470 258 266 181 201 222 266 199 199 190 222 206 236 221 295 213 273 152 164 189 189 138 156 284 356
NS_15_OP_AD_471 242 258 177 241 244 278 201 233 198 230 220 220 189 229 225 241 168 168 177 189 138 138 308 308
NS_15_OP_AD_472 242 290 161 165 240 250 199 237 226 234 220 220 193 237 217 237 146 164 177 189 154 154 188 316
NS_15_OP_AD_473 258 262 163 193 230 258 199 227 218 234 220 228 233 233 229 265 152 160 193 197 138 154 268 348
NS_15_OP_AD_474 234 246 115 177 246 282 193 237 230 234 220 222 205 233 229 249 152 156 193 197 138 154 276 356
NS_15_OP_AD_475 238 270 189 241 210 240 201 205 162 202 220 228 201 275 217 229 152 152 193 193 154 164 296 324
NS_15_OP_AD_476 242 270 191 231 222 238 199 203 222 226 212 220 225 233 181 237 138 138 165 197 134 154 300 316
NS_15_OP_AD_477 242 270 115 235 242 254 199 201 230 230 220 222 233 233 249 253 180 196 161 177 138 154 188 188
NS_15_OP_AD_478 242 294 135 161 250 250 183 199 222 230 212 228 205 275 213 241 134 152 165 193 160 162 284 344
NS_15_OP_AD_479 234 242 191 197 262 278 199 205 182 190 218 236 205 237 233 245 152 168 193 193 134 154 316 328
NS_15_OP_AD_481 270 270 115 227 244 246 201 205 182 222 220 228 197 205 217 265 152 164 165 177 138 154 296 308
NS_15_OP_AD_483 270 278 115 115 172 240 193 237 190 230 212 220 213 275 181 241 138 152 177 213 138 156 188 340
NS_15_OP_AD_484 200 250 177 233 250 266 183 237 170 202 220 222 225 233 229 277 134 152 177 193 134 156 184 332
NS_15_OP_AD_485 242 282 191 227 246 266 201 227 190 230 210 212 205 233 181 281 164 164 189 193 138 160 240 256
NS_15_OP_AD_486 250 262 191 235 214 214 201 233 190 222 222 228 221 221 173 241 134 142 189 197 134 154 264 320
NS_15_OP_AD_487 242 246 181 193 262 270 207 233 230 234 222 236 229 241 237 237 152 184 177 189 138 160 316 352
NS_15_OP_AD_488 238 242 115 169 214 254 199 201 186 222 206 220 213 233 233 233 152 168 165 177 134 134 320 414
NS_15_OP_AD_489 254 254 165 227 250 254 193 199 202 210 222 228 221 233 229 257 146 164 177 193 154 154 280 296
NS_15_OP_AD_490 242 270 165 231 222 250 237 237 222 230 220 236 205 283 177 205 142 146 177 189 134 154 332 340
NS_15_OP_AD_491 234 242 115 115 266 266 199 201 190 190 220 228 193 221 209 277 142 164 193 197 138 154 284 308
NS_15_OP_AD_492 274 290 165 191 244 246 201 237 198 230 206 222 201 205 233 269 142 168 193 193 138 138 188 328
NS_15_OP_AD_494 254 274 161 229 230 250 207 227 194 218 206 220 205 233 233 273 142 152 177 193 138 154 340 352
NS_15_OP_AD_496 242 270 115 189 250 258 201 205 198 230 220 222 205 209 185 217 142 152 165 193 138 138 332 372
NS_15_OP_AD_498 242 270 177 191 242 254 201 233 182 312 220 222 205 237 181 269 134 142 165 177 138 162 312 316
NS_15_OP_AD_499 218 286 115 219 240 254 201 237 186 198 222 228 201 213 181 205 160 160 189 189 138 154 336 352
NS_15_OP_AD_501 242 274 115 161 242 270 199 237 222 316 220 222 213 237 237 245 146 164 177 193 154 160 340 360
NS_15_OP_AD_502 242 270 115 193 230 274 227 237 170 194 220 220 237 283 257 257 134 134 189 193 154 160 340 356
NS_15_OP_AD_503 234 290 177 181 222 266 199 227 214 238 222 228 209 233 225 269 134 212 177 193 138 154 308 398
NS_15_OP_AD_504 246 278 115 135 248 266 201 237 174 218 220 228 221 221 225 273 142 146 165 193 134 138 336 348
NS_15_OP_AD_508 246 270 119 193 250 266 201 233 170 222 206 220 225 275 217 233 152 152 177 177 154 158 332 336
NS_15_OP_AD_509 270 290 191 191 240 242 199 237 222 230 222 228 229 237 269 285 142 164 177 177 134 160 252 312
NS_15_OP_AD_511 238 266 133 249 222 266 199 233 182 230 206 222 197 237 229 237 184 204 193 197 154 162 328 332
NS_15_OP_AD_512 258 262 137 203 250 250 201 203 186 194 220 222 197 229 249 273 142 142 177 193 138 154 296 312
NS_15_OP_AD_514 242 294 137 191 250 262 199 237 190 190 210 216 197 233 229 237 134 152 177 177 160 160 244 344
NS_15_OP_AD_515 254 270 229 253 206 248 205 227 222 230 220 220 201 233 177 233 160 164 189 189 138 138 356 406
NS_15_OP_AD_517 242 282 133 181 222 262 203 233 170 190 212 220 205 245 229 245 138 142 177 177 154 154 336 336
NS_15_OP_AD_518 238 278 227 233 222 250 201 227 226 230 206 228 221 225 229 293 164 172 177 189 138 138 312 368
NS_15_OP_AD_519 246 286 137 235 250 250 201 201 230 234 228 228 201 237 209 209 160 164 165 177 134 152 188 296
NS_15_OP_AD_521 266 282 191 203 234 250 227 233 198 230 220 228 233 237 233 241 152 184 193 193 138 154 344 356
NS_15_OP_AD_522 218 242 115 219 222 234 199 199 194 226 220 226 193 233 237 245 138 164 177 193 154 160 308 352
NS_15_OP_AD_523 266 278 177 199 226 262 199 233 230 230 228 228 229 229 229 237 152 168 189 193 156 162 328 336
NS_15_OP_AD_526 238 266 181 253 222 266 201 233 226 234 220 222 221 275 261 273 134 172 193 193 138 138 332 332
NS_15_OP_AD_527 266 282 181 197 258 274 201 227 190 234 220 222 205 237 213 245 146 168 177 193 138 156 280 406
NS_15_OP_AD_529 270 270 219 229 236 250 233 233 218 234 220 222 233 237 205 241 146 172 177 217 134 160 272 398
NS_15_OP_AD_531 270 270 173 241 238 262 237 237 230 234 222 228 193 221 221 237 164 164 177 193 138 154 272 284
NS_15_OP_AD_535 258 278 137 187 206 210 201 237 230 230 206 228 237 275 181 209 142 164 177 197 134 138 332 356
NS_15_OP_AD_536 266 274 119 227 250 250 199 201 182 230 206 220 193 225 237 277 134 172 177 177 160 162 252 336
NS_15_OP_AD_537 234 278 137 201 250 266 201 237 194 230 220 228 205 233 233 257 142 152 177 193 138 154 188 280
NS_15_OP_AD_538 238 242 191 219 246 270 193 199 230 230 222 222 197 213 273 297 134 142 193 193 154 156 252 360
NS_15_OP_AD_539 200 262 165 191 206 210 227 233 190 214 218 220 205 237 205 277 138 172 177 193 138 154 308 348
NS_15_OP_AD_540 242 266 137 177 206 244 199 201 186 186 220 220 229 229 185 257 160 164 193 193 134 162 188 344
NS_15_OP_AD_542 242 294 165 237 250 266 199 201 194 210 222 228 201 205 181 281 146 168 177 217 154 154 188 316
NS_15_OP_AD_543 242 254 119 191 248 270 201 237 170 230 206 228 205 229 241 277 164 164 165 177 156 160 336 352
NS_15_OP_AD_544 258 274 157 189 182 248 205 219 182 194 220 222 205 229 237 261 142 146 165 217 138 154 316 344
NS_15_OP_AD_547 258 282 181 245 206 248 193 201 222 230 220 236 189 205 173 277 134 164 189 217 138 154 336 344
NS_15_OP_AD_548 246 294 161 169 230 274 201 233 186 230 206 206 213 229 233 249 138 164 177 197 134 154 276 392
NS_15_OP_AD_549 246 270 135 195 222 246 201 205 186 234 220 228 197 205 185 229 134 152 177 193 138 138 236 284
NS_15_OP_AD_550 270 274 137 189 206 242 193 237 198 222 220 228 221 229 237 269 134 164 177 177 134 134 184 328
NS_15_OP_AD_551 234 254 193 233 244 262 199 201 190 230 220 222 201 205 213 233 142 152 193 197 154 154 308 324
NS_15_OP_AD_552 218 250 115 137 214 242 237 237 214 234 218 228 229 275 229 237 138 142 177 177 134 158 308 308
NS_15_OP_AD_555 242 262 169 227 242 266 199 199 170 182 214 222 233 237 181 229 164 164 165 177 138 154 184 252
NS_15_OP_AD_557 258 262 119 135 266 270 199 203 190 218 206 228 205 233 241 261 142 164 177 177 154 154 316 406
NS_15_OP_AD_558 274 282 135 161 250 270 227 237 230 230 220 222 209 229 217 221 142 142 189 193 154 156 244 348
NS_15_OP_AD_559 262 274 137 185 250 250 219 237 202 214 222 222 209 229 257 297 152 160 177 193 134 154 264 410
NS_15_OP_AD_560 242 290 115 115 252 254 219 233 190 230 206 220 205 213 181 205 152 172 165 193 138 154 184 344
NS_15_OP_AD_561 238 254 181 185 244 246 199 227 190 190 220 236 213 233 233 245 160 172 165 189 138 154 188 352
NS_15_OP_AD_562 234 266 115 161 244 250 199 227 194 230 214 222 229 233 229 277 164 168 177 177 138 154 272 392
NS_15_OP_AD_564 200 270 169 233 254 256 201 227 170 198 216 236 193 287 257 317 138 138 165 177 154 154 296 308
NS_15_OP_AD_565 234 238 181 203 250 270 201 233 222 296 212 228 213 221 193 217 146 168 165 193 154 162 252 388
NS_15_OP_AD_567 258 282 115 185 222 250 201 233 222 230 206 220 205 287 177 237 138 168 165 189 138 138 252 406
NS_15_OP_AD_569 274 278 189 191 222 254 199 219 170 182 220 220 193 205 177 249 142 146 177 177 134 138 304 312
NS_15_OP_AD_571 270 274 137 191 240 270 199 221 230 230 206 220 205 233 213 253 142 152 177 193 138 138 272 352
NS_15_OP_AD_573 258 270 205 219 250 270 205 237 194 194 218 220 197 221 213 273 134 184 165 193 134 154 252 340
NS_15_OP_AD_574 242 278 161 203 172 226 199 227 198 202 224 228 237 273 209 241 168 168 165 177 138 154 332 380
NS_15_OP_AD_575 218 242 137 199 250 282 203 205 190 210 220 220 225 233 217 217 146 152 177 177 154 154 312 352
NS_15_OP_AD_578 238 278 157 227 248 282 227 233 226 230 222 228 233 283 181 225 138 152 165 197 138 162 328 418
NS_15_OP_AD_579 238 254 181 191 242 250 233 237 194 198 222 228 193 193 233 241 142 184 193 197 138 154 340 356
NS_15_OP_AD_581 270 274 161 189 172 266 203 237 170 230 220 222 205 275 205 217 142 146 189 193 138 154 288 336
NS_15_OP_AD_582 200 238 165 191 248 266 199 233 190 202 206 214 205 229 229 273 168 184 177 197 138 156 352 380
NS_15_OP_AD_583 258 266 137 189 236 266 201 227 186 222 220 222 225 229 225 237 134 168 189 193 154 154 296 352
NS_15_OP_AD_584 246 246 157 165 240 250 193 203 230 230 222 228 237 275 181 249 152 164 177 177 152 154 328 340
NS_15_OP_AD_585 242 258 161 165 172 230 233 237 170 190 220 228 193 225 177 221 142 164 177 193 154 154 352 352
NS_15_OP_AD_587 258 266 157 257 258 266 199 201 170 190 222 236 221 225 217 241 138 152 177 189 154 156 236 328
NS_15_OP_AD_589 242 266 191 253 234 242 183 205 198 226 220 220 197 233 241 261 168 212 193 193 138 138 336 410
NS_15_OP_AD_590 234 242 161 191 250 286 219 233 194 226 222 236 205 303 225 237 138 168 193 193 138 160 188 332
NS_15_OP_AD_591 254 262 181 227 250 254 199 201 222 234 228 228 193 233 209 209 142 152 177 193 138 154 312 352
NS_15_OP_AD_593 242 270 115 181 242 262 205 237 186 186 220 220 229 233 217 281 160 164 177 177 138 160 316 336
NS_15_OP_AD_594 254 278 161 219 250 250 201 233 226 230 220 236 197 299 209 225 142 164 165 177 138 154 244 392
NS_15_OP_AD_595 200 258 137 241 250 266 201 237 202 234 220 222 205 205 181 229 142 184 189 189 134 138 392 426
NS_15_OP_AD_596 242 270 165 187 248 266 201 205 202 226 222 224 189 237 205 261 152 172 165 193 134 138 244 332
NS_15_OP_AD_597 242 274 137 219 214 250 233 233 202 222 220 236 205 275 233 253 142 146 189 197 138 154 252 288
NS_15_OP_AD_598 246 258 177 181 258 262 201 233 222 230 206 220 229 287 225 261 168 168 177 193 138 154 332 402
NS_15_OP_AD_599 234 258 191 191 206 266 219 221 190 230 214 222 221 233 229 257 142 164 177 177 138 154 236 324
NS_15_OP_AD_601 274 290 163 191 240 242 199 221 198 226 220 220 193 237 173 317 142 152 165 165 138 154 340 406
NS_15_OP_AD_604 234 286 187 207 250 258 201 233 182 190 220 236 233 275 237 237 164 168 165 177 134 138 316 352
NS_15_OP_AD_605 250 266 183 197 244 286 201 203 182 210 228 228 193 233 213 237 152 160 189 217 138 154 308 308
NS_15_OP_AD_606 234 286 137 177 240 266 233 237 194 218 220 220 205 221 213 237 138 152 193 193 154 156 188 332
NS_15_OP_AD_607 242 290 137 211 234 282 205 221 186 222 222 228 233 237 213 269 152 176 177 193 138 154 312 324
NS_15_OP_AD_608 238 278 153 165 230 262 205 233 162 198 220 222 197 275 221 229 142 152 165 189 156 160 316 380
NS_15_OP_AD_609 242 242 115 191 250 250 199 227 198 234 220 222 205 209 229 249 152 160 161 177 138 138 244 344
NS_15_OP_AD_610 250 270 119 203 230 250 193 199 190 190 218 222 229 273 277 281 134 146 177 177 138 154 332 352
NS_15_OP_AD_611 250 258 115 179 222 286 201 219 186 210 228 228 233 291 213 237 142 152 165 193 138 154 308 308
NS_15_OP_AD_612 242 274 165 253 218 262 201 205 202 230 206 216 233 233 229 273 134 164 193 197 154 160 332 348
NS_15_OP_AD_613 266 270 137 201 230 258 205 237 202 222 220 220 213 237 217 233 142 164 181 193 154 162 316 352
NS_15_OP_AD_614 242 250 119 177 222 262 201 237 198 230 220 220 205 291 233 249 152 176 177 177 134 154 184 324
NS_15_OP_AD_618 242 266 189 227 266 274 199 203 170 218 206 222 229 229 177 241 164 164 189 197 138 154 280 336
NS_15_OP_AD_619 246 278 181 185 250 266 199 201 226 234 206 236 193 205 213 233 142 146 177 177 138 154 316 406
NS_15_OP_AD_620 238 286 161 181 206 234 201 221 222 230 228 228 201 205 177 229 142 156 193 213 154 154 320 332
NS_15_OP_AD_621 200 242 115 181 172 250 199 233 194 218 212 236 193 229 177 229 146 152 177 193 138 138 312 352
NS_15_OP_AD_622 234 258 165 197 214 250 203 229 186 194 222 236 205 303 181 181 142 152 189 193 138 154 280 348
NS_15_OP_AD_623 258 274 191 235 262 288 199 199 194 230 220 220 221 221 181 209 142 146 165 189 138 154 316 324
NS_15_OP_AD_625 200 262 135 239 250 250 201 229 222 222 206 218 205 213 233 257 138 184 165 177 138 154 280 292
NS_15_OP_AD_626 262 278 119 189 250 274 201 203 202 214 222 222 197 237 225 249 184 204 177 177 138 138 312 344
NS_15_OP_AD_627 242 270 137 185 250 260 201 233 218 226 220 220 233 279 217 257 138 204 177 197 134 162 316 332
NS_15_OP_AD_628 242 262 191 205 246 270 205 207 222 234 220 222 225 229 217 225 152 168 177 189 134 154 188 332
NS_15_OP_AD_629 238 286 115 177 250 254 201 221 190 234 220 220 181 193 205 237 138 142 177 197 138 154 316 352
NS_15_OP_AD_630 242 258 223 247 172 288 199 227 198 230 222 228 229 233 233 261 146 184 193 197 138 154 280 280
NS_15_OP_AD_632 266 286 135 187 254 266 201 237 194 218 218 220 229 263 177 229 142 168 193 193 134 138 332 336
NS_15_OP_AD_633 200 278 237 247 242 270 199 201 202 230 220 222 193 221 229 245 134 164 165 197 138 154 336 340
NS_15_OP_AD_635 218 266 165 203 222 246 199 201 190 238 206 222 233 275 245 249 164 184 177 213 134 138 188 188
NS_15_OP_AD_636 226 266 137 193 266 270 199 201 222 226 220 222 225 237 229 273 156 164 161 197 134 138 312 340
NS_15_OP_AD_637 258 274 193 219 206 234 199 199 198 234 220 220 197 225 181 277 134 180 177 177 134 138 284 332
NS_15_OP_AD_638 242 254 189 237 238 244 201 227 186 190 206 228 205 233 181 249 134 152 177 193 154 160 328 344
NS_15_OP_AD_639 238 262 115 137 250 250 199 201 206 230 218 220 205 233 177 233 142 172 177 197 138 138 308 316
NS_15_OP_AD_640 250 250 181 231 206 254 199 233 210 226 220 228 221 229 181 261 134 164 177 177 134 138 312 324
NS_15_OP_AD_657 274 290 115 161 250 254 199 201 222 226 218 220 197 275 229 245 146 152 165 193 134 154 300 352
NS_15_OP_AD_659 226 262 135 253 244 246 193 233 198 226 220 228 233 263 209 225 142 146 177 193 134 138 264 352
NS_15_OP_AD_660 282 286 165 205 254 270 203 205 194 230 220 220 221 233 241 273 142 156 177 193 138 154 236 252
NS_15_OP_AD_661 238 294 137 189 248 250 199 201 218 234 206 220 233 273 201 229 142 184 189 193 134 160 292 304
NS_15_OP_AD_662 242 242 191 205 250 270 227 233 226 234 206 220 209 221 273 281 134 138 177 193 154 160 276 336
NS_15_OP_AD_663 266 310 137 161 240 244 199 203 190 222 212 220 229 229 261 277 138 142 165 177 138 138 312 380
NS_15_OP_AD_665 258 270 165 207 242 274 201 233 166 222 216 222 205 205 233 237 164 168 165 165 134 154 308 316
NS_15_OP_AD_666 250 258 189 219 222 266 193 237 186 222 220 228 213 229 233 297 142 164 189 197 138 162 184 352
NS_15_OP_AD_667 234 250 155 219 214 222 201 201 190 222 220 228 193 221 225 277 152 152 189 193 154 156 284 308
NS_15_OP_AD_668 242 242 115 241 266 286 201 201 186 210 220 220 209 287 209 229 168 184 177 217 138 138 244 336
NS_15_OP_BD_001 258 278 115 165 240 266 199 207 198 198 222 236 197 275 213 233 164 164 177 177 138 154 184 304
NS_15_OP_BD_002 200 262 115 219 206 250 201 227 198 222 220 222 197 205 229 249 168 184 177 177 138 154 340 372
NS_15_OP_BD_003 246 262 165 219 250 250 193 237 198 222 206 228 193 197 217 249 134 142 177 189 138 154 316 336
NS_15_OP_BD_004 222 258 137 219 240 270 201 233 194 194 224 228 201 233 237 237 142 142 177 193 138 154 292 344
NS_15_OP_BD_005 254 258 161 199 240 256 199 207 194 226 220 222 205 205 257 317 134 134 177 189 154 154 288 422
NS_15_OP_BD_006 278 278 193 231 222 282 199 227 194 198 206 220 197 275 201 257 134 164 177 193 138 160 184 414
NS_15_OP_BD_007 250 250 137 191 222 266 205 237 198 210 222 236 221 233 229 237 138 142 177 217 138 156 188 280
NS_15_OP_BD_008 270 278 177 181 266 266 219 237 190 226 212 222 205 229 213 241 138 138 177 213 138 154 316 372
NS_15_OP_BD_009 262 294 115 181 246 248 193 205 230 234 220 236 237 237 229 289 152 164 177 193 138 156 188 356
NS_15_OP_BD_010 250 270 137 193 206 262 199 203 202 222 220 236 205 233 277 285 138 142 193 201 154 154 188 348
NS_15_OP_BD_011 238 286 197 253 250 278 193 237 198 230 222 228 205 229 221 229 142 152 165 165 138 154 256 324
NS_15_OP_BD_012 254 294 115 137 246 262 201 207 226 230 222 236 205 229 237 257 138 168 177 193 138 154 340 348
NS_15_OP_BD_013 242 262 137 181 240 242 199 233 186 230 220 236 205 237 181 273 164 164 177 193 138 154 280 304
NS_15_OP_BD_014 218 266 161 241 250 262 227 237 194 218 222 228 237 287 237 241 152 168 177 193 154 154 188 308
NS_15_OP_BD_017 234 242 181 185 214 242 201 233 222 234 222 236 205 291 213 257 142 200 165 193 154 154 236 324
NS_15_OP_BD_018 254 266 119 235 242 270 199 201 218 226 214 220 201 205 221 265 138 176 177 217 154 160 320 414
NS_15_OP_BD_019 250 266 119 253 222 236 227 237 202 218 206 220 197 229 225 229 168 172 165 177 138 160 320 388
NS_15_OP_BD_020 258 266 181 201 222 278 207 221 190 234 220 226 205 209 181 257 152 160 177 189 154 154 252 360
NS_15_OP_BD_021 266 278 177 185 222 244 199 201 190 222 218 228 233 237 209 237 146 152 177 193 134 154 344 352
NS_15_OP_BD_022 242 274 119 189 244 266 203 219 178 194 220 220 221 237 177 269 138 164 165 177 154 162 332 340
NS_15_OP_BD_023 242 254 159 191 222 250 201 237 222 230 222 222 189 221 229 261 134 152 177 189 138 154 304 324
NS_15_OP_BD_024 200 270 135 181 250 270 205 205 170 210 220 222 201 237 177 269 138 164 177 189 154 154 320 324
NS_15_OP_BD_025 258 274 181 241 286 288 199 199 230 234 220 220 197 221 269 277 138 164 177 177 134 138 252 356
NS_15_OP_BD_026 270 282 115 181 266 266 199 233 182 222 222 228 205 273 177 273 146 164 177 197 134 154 336 406
NS_15_OP_BD_027 246 286 115 253 234 248 205 233 190 230 222 236 205 213 177 225 156 156 177 177 138 154 332 336
NS_15_OP_BD_028 258 258 185 191 266 274 199 201 194 222 206 220 205 209 221 297 146 152 177 193 138 154 336 352
NS_15_OP_BD_029 242 242 189 191 206 244 201 237 170 230 220 222 225 241 205 249 134 168 165 193 154 154 344 352
NS_15_OP_BD_030 258 290 137 181 234 250 201 221 194 198 206 220 233 291 241 277 160 164 177 197 154 162 188 332
NS_15_OP_BD_031 242 254 189 235 242 266 199 233 194 198 220 222 205 241 209 237 146 152 165 213 138 160 308 392
NS_15_OP_BD_032 258 270 139 201 240 266 201 221 174 222 220 222 221 233 213 269 138 152 177 177 138 138 292 344
NS_15_OP_BD_033 242 250 235 241 242 250 201 201 194 218 220 228 233 287 261 261 134 142 177 193 154 154 272 316
NS_15_OP_BD_034 242 258 181 247 238 266 201 237 186 218 222 228 213 225 177 217 134 142 193 193 154 160 328 336
NS_15_OP_BD_035 270 290 137 177 206 248 197 221 198 202 222 228 205 279 205 257 146 176 177 177 138 138 280 312
NS_15_OP_BD_036 262 286 135 195 246 266 201 227 222 226 220 222 197 221 241 285 142 164 177 193 138 156 332 336
NS_15_OP_BD_037 242 266 115 115 206 244 203 233 198 218 206 236 205 283 225 261 134 160 177 193 134 138 336 344
NS_15_OP_BD_038 234 238 165 189 222 242 201 201 190 230 228 236 229 237 233 249 142 172 165 189 138 154 240 344
NS_15_OP_BD_039 270 278 115 181 234 266 199 233 194 218 220 228 237 275 217 257 134 172 189 193 154 154 328 344
NS_15_OP_BD_040 258 262 135 177 210 234 227 233 198 202 220 228 209 273 229 233 146 164 165 177 160 162 276 324
NS_15_OP_BD_041 242 266 195 229 222 230 201 207 202 222 206 222 205 287 185 233 142 146 189 197 156 162 280 340
NS_15_OP_BD_042 254 262 161 187 262 282 199 233 186 234 206 220 245 287 213 233 160 172 165 193 138 138 324 336
NS_15_OP_BD_043 254 274 161 227 248 266 201 201 222 222 220 222 193 287 241 257 146 164 193 201 154 154 332 344
NS_15_OP_BD_044 242 270 189 235 206 262 201 227 170 214 222 228 205 221 221 229 152 168 177 217 138 154 280 316
NS_15_OP_BD_045 242 274 133 161 222 250 201 201 222 230 220 220 193 237 217 277 146 164 165 177 154 156 288 312
NS_15_OP_BD_046 242 250 219 223 250 266 233 233 202 230 220 220 229 283 213 253 142 152 165 197 138 154 312 312
NS_15_OP_BD_047 250 266 119 193 206 246 199 237 170 218 222 236 205 237 233 257 138 138 193 193 134 138 340 344
NS_15_OP_BD_048 238 278 185 235 244 266 201 221 178 194 220 228 229 291 177 233 138 164 165 177 154 160 184 336
NS_15_OP_BD_050 258 270 115 235 210 250 227 237 170 170 212 226 205 205 173 209 138 152 165 177 134 138 184 316
NS_15_OP_BD_051 210 250 137 219 250 286 205 237 170 186 220 228 233 237 181 213 134 142 177 213 160 160 308 332
NS_15_OP_BD_052 246 250 115 193 244 248 199 201 190 234 220 236 205 237 177 213 142 168 177 197 138 154 312 344
NS_15_OP_BD_053 200 270 219 219 254 266 199 201 170 226 212 220 197 221 205 225 164 164 177 197 154 154 188 344
NS_15_OP_BD_054 270 290 161 191 240 270 199 201 170 230 206 228 229 237 229 285 142 168 177 177 134 138 312 312
NS_15_OP_BD_055 238 258 181 197 230 266 219 237 182 194 206 212 213 229 225 225 134 138 177 213 154 154 188 360
NS_15_OP_BD_056 246 266 191 201 250 266 201 207 222 222 220 222 229 287 241 257 138 152 177 177 138 138 188 352
NS_15_OP_BD_057 218 242 191 211 266 270 201 237 202 230 206 220 205 237 233 237 142 152 177 193 138 156 188 312
NS_15_OP_BD_058 270 290 173 193 214 282 207 237 170 222 212 222 205 233 205 229 142 146 189 193 134 166 272 284
NS_15_OP_BD_059 266 266 115 197 214 244 201 237 202 222 222 236 233 279 185 285 142 208 165 177 134 138 320 406
NS_15_OP_BD_060 258 294 115 237 172 266 233 233 222 234 220 220 213 283 201 257 160 184 165 177 138 154 406 414
NS_15_OP_BD_061 242 258 165 165 222 266 227 233 182 230 206 222 283 299 237 273 164 164 189 193 138 154 312 352
NS_15_OP_BD_062 230 258 135 177 242 274 199 227 214 230 220 222 209 229 181 221 134 142 177 193 138 154 320 332
NS_15_OP_BD_063 234 262 191 241 252 266 201 205 190 230 212 222 201 229 217 241 152 152 177 193 134 160 188 344
NS_15_OP_BD_064 250 274 137 191 244 254 201 203 226 230 220 228 229 233 229 269 138 142 189 193 138 154 336 336
NS_15_OP_BD_065 270 290 115 135 206 266 221 227 218 234 220 222 201 221 177 217 138 164 177 193 138 154 244 280
NS_15_OP_BD_066 200 278 115 189 248 254 199 201 170 230 220 228 205 233 237 257 164 168 165 177 138 158 280 336
NS_15_OP_BD_067 278 286 193 201 222 250 199 237 174 226 220 228 197 205 241 269 138 152 177 193 138 154 312 344
NS_15_OP_BD_068 200 278 115 161 242 274 193 237 186 230 222 222 221 233 181 269 160 164 165 193 138 154 244 332
NS_15_OP_BD_069 226 234 115 201 254 256 201 201 170 186 218 222 201 237 237 249 152 152 177 217 134 156 312 312
NS_15_OP_BD_070 258 266 187 241 230 242 199 221 190 238 212 228 205 237 261 277 146 168 177 189 138 138 340 348
NS_15_OP_BD_071 270 278 115 191 254 266 199 201 162 198 206 220 213 225 213 273 142 152 165 193 138 154 188 336
NS_15_OP_BD_072 200 270 235 241 262 262 199 237 190 190 212 220 213 221 209 233 146 180 165 217 138 154 324 336
NS_15_OP_BD_073 250 258 165 193 206 244 199 233 226 234 218 222 197 205 229 237 142 142 177 193 156 160 236 352
NS_15_OP_BD_074 242 282 189 227 222 270 203 227 186 198 206 222 205 221 233 281 152 164 165 193 138 154 284 324
NS_15_OP_BD_075 200 270 199 205 242 262 201 237 198 234 206 222 193 221 221 237 134 152 165 177 134 154 284 304
NS_15_OP_BD_076 266 294 115 181 242 270 193 237 218 226 222 222 205 275 217 245 138 152 177 177 138 154 236 336
NS_15_OP_BD_077 250 270 187 235 210 234 201 221 170 182 222 236 209 221 181 257 142 152 189 193 134 138 296 340
NS_15_OP_BD_078 238 246 181 187 240 250 201 233 194 234 212 220 205 209 205 269 134 168 177 177 154 154 264 312
NS_15_OP_BD_079 258 270 115 197 242 266 205 219 222 230 210 220 229 299 269 273 134 142 177 193 154 154 332 340
NS_15_OP_BD_080 234 242 161 253 214 246 201 227 230 234 220 222 205 237 229 245 142 180 189 217 134 138 340 356
NS_15_OP_BD_081 258 266 181 245 234 242 199 199 194 194 220 222 205 209 217 257 152 184 177 193 154 154 340 356
NS_15_OP_BD_082 246 246 115 137 234 274 197 199 222 230 216 220 273 275 229 233 142 184 177 177 138 138 312 414
NS_15_OP_BD_083 246 250 193 197 206 262 221 233 222 230 220 220 205 241 177 221 138 142 177 177 138 154 332 348
NS_15_OP_BD_084 258 258 119 181 242 250 201 233 222 230 206 220 193 273 205 229 134 152 177 177 134 162 328 332
NS_15_OP_BD_085 270 278 161 235 222 250 199 201 194 230 220 236 189 221 229 257 138 164 177 189 138 154 316 340
NS_15_OP_BD_086 242 246 115 137 242 250 201 237 206 234 220 236 193 275 233 245 138 176 177 177 138 154 284 352
NS_15_OP_BD_087 218 270 159 177 248 262 199 227 170 226 220 228 233 237 233 277 152 168 177 213 138 154 372 392
NS_15_OP_BD_088 242 290 115 191 246 250 201 205 182 182 224 228 279 287 177 205 152 160 177 177 138 158 284 312
NS_15_OP_BD_089 258 278 137 137 250 270 201 221 194 226 220 220 193 273 237 241 142 152 165 193 138 154 184 188
NS_15_OP_BD_090 238 278 189 227 254 266 199 201 190 198 206 222 213 225 213 273 142 152 177 193 138 154 188 336
NS_15_OP_BD_091 242 258 177 227 222 262 221 237 190 226 220 220 193 233 229 245 134 164 177 193 138 154 308 348
NS_15_OP_BD_092 242 278 161 191 240 266 199 199 170 190 220 228 193 221 249 261 142 212 193 193 138 160 344 372
NS_15_OP_BD_093 250 270 137 191 266 278 201 205 206 222 222 228 205 291 241 241 152 176 177 177 134 154 188 422
NS_15_OP_BD_094 270 270 181 191 222 266 199 205 230 230 220 220 193 201 209 213 142 164 165 177 160 162 312 316
NS_15_OP_BD_095 200 258 115 157 244 250 201 203 202 222 222 236 205 299 241 277 142 142 177 177 138 160 244 284
NS_15_OP_BD_097 246 278 227 227 222 254 193 207 226 234 206 212 221 275 205 233 146 146 177 197 134 154 188 340
NS_15_OP_BD_128 200 266 165 189 258 282 199 237 222 226 220 220 209 279 233 273 160 164 193 217 138 154 316 340
NS_15_OP_BD_129 246 262 165 189 258 266 199 199 190 226 220 228 209 237 249 273 146 164 197 213 138 160 264 316
NS_15_OP_BD_130 242 286 119 181 244 254 199 203 230 230 228 236 233 233 225 229 142 156 213 213 134 138 316 348
NS_15_OP_BD_131 266 270 119 235 210 248 201 233 202 218 222 226 205 237 233 257 142 152 189 193 134 138 340 392
NS_15_OP_BD_132 266 278 115 195 266 282 205 205 198 214 206 224 213 233 177 205 142 152 177 193 138 138 188 352
NS_15_OP_BD_133 246 286 115 187 274 288 201 227 222 230 216 222 273 275 181 229 164 168 177 177 138 154 336 344
NS_15_OP_BD_134 246 258 191 191 248 266 201 237 226 230 222 222 221 221 209 209 134 160 177 193 138 156 280 304
NS_15_OP_BD_135 270 270 137 245 230 248 199 203 198 230 220 222 205 213 213 257 164 208 177 177 138 156 336 336
NS_15_OP_BD_136 200 278 137 161 206 266 199 201 186 238 220 222 189 189 205 241 152 172 177 193 138 138 316 336
NS_15_OP_BD_137 246 254 115 137 266 282 205 237 198 230 222 236 233 245 181 217 134 138 177 197 138 138 188 276
NS_15_OP_BD_138 254 258 191 207 172 262 201 205 194 234 220 228 193 205 237 237 134 164 177 197 134 138 272 328
NS_15_OP_BD_140 262 278 139 197 222 234 199 199 230 234 222 236 205 221 233 257 142 164 161 165 154 154 284 320
NS_15_OP_BD_141 246 258 115 191 230 250 201 237 226 230 220 222 221 225 209 241 152 160 177 177 138 156 280 320
NS_15_OP_BD_142 238 274 177 181 222 270 199 201 170 230 218 220 233 287 233 253 142 142 165 177 154 154 188 320
NS_15_OP_BD_143 242 270 115 181 222 248 205 233 190 230 220 228 193 273 237 249 142 168 177 189 154 166 308 316
NS_15_OP_BD_144 246 258 115 219 238 250 203 227 170 230 212 220 275 283 217 249 160 164 165 189 154 154 312 352
NS_15_OP_BD_145 262 270 115 245 244 282 199 205 202 230 214 228 225 237 181 181 134 160 189 189 154 154 336 344
NS_15_OP_BD_146 218 274 161 165 222 244 199 201 190 222 220 222 197 201 245 273 164 184 177 193 134 138 188 352
NS_15_OP_BD_147 242 270 137 193 206 250 199 203 202 230 220 236 221 233 277 297 138 184 177 193 134 138 264 398
NS_15_OP_BD_148 242 250 197 197 242 250 183 201 222 222 212 228 193 205 229 293 152 184 177 193 134 160 296 352
NS_15_OP_BD_149 200 270 219 219 254 266 201 207 170 226 212 220 197 205 205 225 164 164 177 197 134 154 188 344
NS_15_OP_BD_150 242 310 161 181 234 270 201 233 218 230 212 228 205 213 177 289 156 156 177 177 138 154 332 336
NS_15_OP_BD_151 250 266 115 197 256 288 199 201 190 202 228 236 225 237 221 225 142 152 189 193 138 138 340 352
NS_15_OP_BD_153 254 262 155 197 206 266 201 203 186 222 220 222 193 205 233 237 138 164 177 197 138 154 288 344
NS_15_OP_BD_293 200 238 189 203 230 246 201 237 234 234 220 228 205 237 237 249 134 172 165 177 154 160 336 414
NS_15_OP_BD_294 200 226 115 219 266 270 199 227 198 226 220 236 209 225 261 273 138 172 193 197 138 160 336 340
NS_15_OP_BD_295 242 270 137 235 182 250 199 201 222 226 210 222 205 275 201 217 146 152 165 165 138 138 296 304
NS_15_OP_BD_296 258 274 193 235 262 286 201 229 218 230 220 236 229 233 177 257 138 176 189 189 138 154 340 344
NS_15_OP_BD_297 238 286 191 215 248 250 193 199 218 234 220 228 205 283 233 269 168 184 177 177 134 154 316 352
NS_15_OP_BD_313 274 310 161 189 226 266 207 221 198 218 220 222 221 237 269 281 160 164 177 189 138 154 340 414
NS_15_OP_BD_314 200 282 185 235 246 250 199 201 194 234 218 222 237 291 237 249 134 172 193 193 134 160 406 414
NS_15_OP_BD_315 274 278 119 155 238 274 199 201 182 230 218 220 229 273 213 237 152 164 189 193 138 154 188 236
NS_15_OP_BD_316 250 258 193 247 248 266 201 205 222 234 206 236 221 221 177 249 164 168 177 189 138 138 332 344
NS_15_OP_BD_317 242 242 189 233 226 274 201 233 182 198 220 220 233 237 209 249 142 200 177 177 138 160 344 348
NS_15_OP_BD_318 262 262 161 223 266 282 199 201 186 198 220 220 201 221 233 233 142 142 177 193 134 134 252 288
NS_15_OP_BD_319 200 278 139 161 250 250 201 201 198 222 210 222 205 229 233 233 138 184 165 177 154 162 280 336
NS_15_OP_BD_320 278 282 135 139 250 254 201 237 222 226 218 222 213 229 233 237 138 184 165 193 138 154 280 280
NS_15_OP_BD_321 242 278 191 231 230 236 193 199 170 190 220 236 209 237 229 241 152 172 161 193 156 156 280 304
NS_15_OP_BD_322 242 254 137 177 230 254 203 233 182 198 206 228 213 229 221 257 146 160 189 213 154 160 252 316
NS_15_OP_BD_323 246 270 193 231 222 250 227 233 182 202 220 236 205 229 213 229 134 152 193 193 160 160 312 320
NS_15_OP_BD_641 242 274 161 165 238 262 201 205 230 238 216 216 233 233 229 273 134 134 193 193 154 160 336 348
NS_15_OP_BD_642 242 242 181 205 250 262 199 233 190 226 220 222 273 275 181 273 138 168 177 177 154 158 316 344
NS_15_OP_BD_643 254 258 185 189 230 262 193 201 194 222 206 222 229 237 229 233 142 146 177 189 138 138 324 340
NS_15_OP_BD_644 270 278 115 223 254 266 201 221 170 194 210 228 229 229 225 273 142 146 173 193 134 134 348 380
NS_15_OP_BD_645 258 278 161 181 222 250 199 219 194 234 210 220 221 287 269 297 138 146 165 193 138 154 308 332
NS_15_OP_BD_646 242 250 165 165 230 248 193 201 202 230 212 228 237 237 201 205 138 142 165 197 138 138 312 316
NS_15_OP_BD_647 242 270 119 193 262 288 221 233 230 234 220 228 193 233 221 241 142 146 177 193 138 138 236 340
NS_15_OP_BD_648 242 278 115 241 206 250 201 207 202 202 206 220 225 229 209 217 134 152 177 177 138 154 240 320
NS_15_OP_BD_649 258 262 115 115 206 250 193 237 230 234 218 220 193 205 181 257 142 164 165 177 154 154 184 344
NS_15_OP_BD_650 258 258 119 191 222 242 219 237 218 230 206 220 197 237 273 277 164 172 177 193 154 154 312 356
NS_15_OP_BD_652 238 254 181 231 230 250 203 233 170 218 218 228 193 237 237 257 156 172 165 193 154 154 332 344
NS_15_OP_BD_653 238 270 115 193 256 262 199 201 166 198 220 222 205 229 237 237 152 168 177 177 138 154 312 356
NS_15_OP_BD_654 262 266 161 193 250 286 203 237 218 218 220 222 221 229 209 229 134 146 177 193 138 154 276 372
NS_15_OP_BD_655 200 242 177 197 222 278 205 227 226 230 206 220 229 237 241 273 164 168 189 193 134 154 312 352
NS_15_OP_BD_656 246 278 157 177 242 254 199 205 186 230 220 224 197 237 181 201 146 168 193 197 154 156 316 352
