genepop_2015_above.txt
L1, L2, L3, L4, L5, L6, L7, L8, L9, L10, L11, L12
Pop
AC20NSNT_0002 ,  220228 138138 238316 242278 152212 206244 181237 332348 233299 115177 177177 193201
AC20NSNT_0004 ,  220222 154160 186198 270274 142160 248262 237297 352388 205233 115231 193193 207237
AC20NSNT_0013 ,  220236 138138 190218 200278 164180 206266 229229 320344 205225 181219 177193 199233
AC20NSNT_0020 ,  220222 138154 194230 242286 142152 244258 185233 332348 205209 115189 165217 205221
AC20NSNT_0033 ,  222222 134154 186230 200238 142160 234250 229297 320348 221229 135165 177193 201201
AC20NSNT_0038 ,  206220 134166 190190 258270 142184 250274 209233 348414 233233 119227 189193 193233
AC20NSNT_0039 ,  220222 154154 198218 250266 134168 248266 233241 252316 205237 115137 177177 201201
AC20NSNT_0046 ,  220220 154154 170182 242258 142164 172250 209221 328352 225225 161255 177193 199233
AC20NSNT_0048 ,  220222 154160 190234 250262 146152 260282 177237 236360 205209 137195 189193 203205
AC20NSNT_0054 ,  220220 154154 170202 254266 134184 254266 237237 308352 205237 201231 177197 199221
AC20NSNT_0057 ,  220222 154154 170202 242270 146160 172252 185217 332336 205229 119189 189193 203221
AC20NSNT_0067 ,  206216 138138 194222 238242 146168 230270 229233 324340 229237 191191 177193 193199
AC20NSNT_0090 ,  220236 138154 226230 250266 152160 222258 233249 324336 275291 119181 177189 237237
AC20NSNT_0114 ,  212236 138138 170226 200290 138164 266278 209229 184184 205209 115137 177217 199201
AC20NSNT_0117 ,  222222 138154 202234 242242 156172 240250 181253 236308 197205 135193 177193 205237
AC20NSNT_0128 ,  218222 154160 186186 258262 134138 252262 213265 312316 237275 181197 177197 201237
AC20NSNT_0131 ,  222236 138154 170222 258274 134146 254266 217317 188288 205225 135189 189197 199203
AC20NSNT_0137 ,  206216 138138 194222 242270 146168 242256 181261 324324 229237 189189 156177 193199
AC20NSNT_0141 ,  222228 154154 222230 258258 142172 222246 209241 316332 221229 137233 177193 201237
AC20NSNT_0145 ,  228236 134154 214222 266270 142168 248250 225261 188336 229273 189233 189217 193201
AC20NSNT_0149 ,  206222 154160 190238 262278 134152 250256 225233 348356 213229 169177 177197 199207
AC20NSNT_0150 ,  220222 134138 226234 242262 152172 250258 205265 340348 213233 163227 181197 219227
AC20NSNT_0158 ,  214236 134138 194222 242254 164196 248266 229261 188406 205283 185207 177189 199227
AC20NSNT_0163 ,  218222 138160 170222 262290 134184 250262 233233 280288 213213 135159 165177 229237
AC20NSNT_0172 ,  206220 138154 198218 254286 152164 254256 201257 316320 213233 191231 177177 233237
AC20NSNT_0173 ,  224228 138154 182214 242262 146152 218274 181257 236348 197233 137161 161193 201205
AC20NSNT_0174 ,  220224 138138 226234 200270 142156 172258 257257 184348 205275 115181 197213 199201
AC20NSNT_0190 ,  220222 134154 194194 242286 138204 252262 213229 312368 205275 137197 177177 205237
AC20NSNT_0192 ,  214228 138138 190230 222254 146212 206244 237281 336344 237279 115177 165177 211211
AC20NSNT_0194 ,  214222 138160 170190 242282 172180 244250 233269 312348 221229 175177 161177 237237
AC20NSNT_0206 ,  212220 138138 170178 258266 142152 210250 209229 184188 213237 115197 177177 221233
AC20NSNT_0209 ,  220228 138154 170186 238242 142168 172238 221297 340352 221225 161191 165177 201233
AC20NSNT_0224 ,  220236 154156 190234 218274 138152 222250 233285 296352 205233 161177 189193 193193
AC20NSNT_0235 ,  222236 134138 170202 270274 142142 172250 217273 288336 205273 161189 189193 201203
AC20NSNT_0245 ,  220222 154154 186198 242278 142142 254270 209265 188380 221225 137227 165193 199205
AC20NSNT_0249 ,  222222 134138 222230 200254 138160 234266 229249 188348 221229 115135 177193 197227
AC20NSNT_0264 ,  220220 154158 222230 246258 134168 236270 237257 316352 225233 181189 189189 199227
AC20NSNT_0276 ,  222236 138160 222230 242254 142160 234266 229249 320348 221229 115235 165193 201227
AC20NSNT_0279 ,  220236 160162 170182 242286 146152 222274 237237 320320 201205 115193 189193 203227
AC20NSNT_0290 ,  220228 154160 182198 242258 164184 172250 209237 188344 205233 119201 193197 205237
AC20NSNT_0294 ,  220220 154160 190230 242274 152168 248252 181209 184344 193213 115199 165177 219219
AC20NSNT_0295 ,  220236 134138 182230 242262 172176 248270 209237 324332 193221 137181 177193 227237
AC20NSNT_0304 ,  228236 138154 170222 258270 164168 230238 221297 340352 221225 161181 165193 201233
AC20NSNT_0305 ,  220228 154154 190222 242286 138156 242248 193209 316320 205205 137193 189193 201233
AC20NSNT_0319 ,  206222 154154 190190 250278 134168 256270 225233 340356 229233 135181 177197 207221
AC20NSNT_0328 ,  220222 138138 186190 234242 138142 242282 177233 328340 205275 161161 165177 199199
AC20NSNT_0339 ,  218222 138154 186194 262286 152188 262266 213265 340406 237275 181197 189193 201201
AC20NSNT_0341 ,  218228 154166 186194 258270 164188 244252 181217 312316 213229 115197 177197 237237
AC20NSNT_0346 ,  214222 138160 186222 238242 138196 244248 177225 316406 205205 177203 189193 203227
AC20NSNT_0369 ,  220220 138138 222234 242282 152152 250266 229249 244292 205273 115189 177177 199207
OtsAC18NSNT_0001 ,  220220 138154 222230 234258 134164 258270 181317 188336 193213 135137 165177 199237
OtsAC18NSNT_0062 ,  220236 138154 222234 242258 152164 258270 177221 184188 193233 135137 177177 199201
OtsAC18NSNT_0102 ,  218220 134154 190230 242270 142180 206230 177229 336352 225225 161165 177193 231233
OtsAC18NSNT_0136 ,  220236 138154 186198 262278 168180 242282 181241 184324 225245 177253 189193 201205
OtsAC18NSNT_0140 ,  220222 138138 194198 192270 142152 250270 185249 332348 205209 115181 161165 201201
OtsAC18NSNT_0173 ,  222236 138138 170222 258270 134142 172254 205317 280288 193205 189189 193197 199237
OtsAC18NSNT_0201 ,  220228 154154 182230 266278 138152 222266 177181 236252 229229 115195 177193 199207
OtsAC18NSNT_0204 ,  222228 154164 194198 218234 134160 266270 249273 344372 205287 133203 193197 199203
OtsAC18NSNT_0209 ,  220220 138162 230230 262270 142164 172250 217261 252336 229275 161199 177189 197233
OtsAC18NSNT_0210 ,  206228 138138 190230 270286 134172 254258 233237 308336 193225 119173 165193 199237
OtsAC18NSNT_0239 ,  222228 138154 198218 250258 142152 244254 221241 276340 209209 161227 177197 201201
OtsAC18NSNT_0249 ,  220220 154156 198222 242250 152164 214250 225273 272308 221221 177219 189193 199233
OtsAC18NSNT_0250 ,  220220 138154 222230 234258 152164 254258 177221 188336 213225 137189 165197 199199
OtsAC18NSNT_0254 ,  220222 134154 186186 242258 160172 250286 213229 236348 197237 165177 165193 199227
OtsAC19NSNT_0003 ,  206228 154154 222226 250270 142164 242262 209233 184380 197237 207219 177177 199201
OtsAC19NSNT_0009 ,  206216 138138 194222 222270 138146 242270 229261 324336 229283 189189 177177 199201
OtsAC19NSNT_0011 ,  212236 138138 178234 238270 138168 214244 217257 308316 205225 191253 165177 221233
OtsAC19NSNT_0013 ,  212222 134138 170222 258270 138184 210254 209249 188316 221229 185269 177177 227237
OtsAC19NSNT_0015 ,  214228 138154 198218 238262 164176 246270 237261 384406 197233 135197 177193 201203
OtsAC19NSNT_0019 ,  220222 134138 186234 200254 160184 266286 185229 236348 229233 165177 165193 199227
OtsAC19NSNT_0026 ,  220222 154154 170226 238270 142142 214250 177249 316418 237279 191227 165177 199201
OtsAC19NSNT_0028 ,  218236 134154 222234 266270 138164 222254 181253 316316 213221 197269 165165 205233
OtsAC19NSNT_0034 ,  206228 000000 214226 242258 000000 246250 181241 316316 205229 115233 000000 193201
OtsAC19NSNT_0044 ,  210222 154154 218226 234238 138184 222266 245277 316352 205221 135161 177217 199201
OtsAC19NSNT_0046 ,  212228 138160 230230 242246 134164 250258 213229 284336 213275 161193 165193 199237
OtsAC19NSNT_0053 ,  222228 138160 210218 246254 142146 206214 177229 184352 221279 187227 165177 199201
OtsAC19NSNT_0057 ,  220220 154154 202230 238258 152168 222262 257257 332406 229287 177227 177177 201227
OtsAC19NSNT_0058 ,  220228 138138 186218 242278 142160 242242 281289 336422 229233 115137 177189 203205
OtsAC19NSNT_0062 ,  220228 138138 186190 234242 142142 230258 217237 340352 205233 119161 177177 199205
OtsAC19NSNT_0065 ,  222228 154154 170202 242274 146172 172250 205237 336348 205229 119161 177189 221237
OtsAC19NSNT_0066 ,  220222 138160 190226 200274 152152 256262 241245 312348 201201 165227 177177 201227
OtsAC19NSNT_0067 ,  214220 138154 222230 238242 160168 230248 177233 184340 205229 161207 177177 199201
OtsAC19NSNT_0070 ,  212236 138138 170190 250290 142164 266278 209229 288344 197275 115181 165177 201201
OtsAC19NSNT_0073 ,  228236 154160 190222 250278 142142 250262 229229 272344 193197 189219 177177 199227
OtsAC19NSNT_0076 ,  220222 138138 198230 266270 142142 250266 205233 280336 205229 141161 189193 203237
OtsAC19NSNT_0084 ,  214222 138162 190190 258270 164184 244266 177277 236312 205225 157185 177193 201201
OtsAC19NSNT_0085 ,  222222 138160 186198 200254 138160 250288 229249 188332 213229 115235 177177 201227
OtsAC19NSNT_0086 ,  220222 138138 218226 242258 152156 244250 177177 252344 197237 115235 189217 211221
OtsAC19NSNT_0087 ,  228228 138154 190210 234258 164184 242244 181257 308316 189233 193227 189201 201237
OtsAC19NSNT_0088 ,  218222 138160 170202 258274 164164 250266 177217 188320 205283 193195 177193 201201
OtsAC19NSNT_0090 ,  206228 154162 186190 242278 138138 214240 229317 188348 209229 173177 185193 203205
OtsAC19NSNT_0091 ,  216228 138138 174230 246246 146168 262266 181273 312348 221221 115115 177193 227237
OtsAC19NSNT_0094 ,  222228 154160 230230 246294 134164 250278 213229 184344 233275 161193 165165 199237
OtsAC19NSNT_0095 ,  218222 134154 222230 262266 164188 222278 181249 188316 229237 115157 165213 227233
OtsAC19NSNT_0096 ,  220236 134154 202222 270270 138184 240254 229249 308316 193221 219269 165177 207227
OtsAC19NSNT_0097 ,  220222 138154 198230 242274 142184 240266 173237 336340 197237 165191 165165 193221
OtsAC19NSNT_0099 ,  220222 138160 218222 200242 164168 244274 177241 188356 193205 161193 177177 201227
OtsAC19NSNT_0100 ,  220222 138154 170226 246270 142142 250282 177297 376418 237279 165191 165177 201227
OtsAC19NSNT_0103 ,  222228 138154 218226 242282 142142 250274 237273 352406 193225 177197 165177 199199
OtsAC19NSNT_0104 ,  222222 138154 190190 238254 138142 242262 233237 324384 201221 181193 193197 199201
OtsAC19NSNT_0107 ,  222236 134154 182222 262278 164204 242262 181229 184272 237237 137227 177177 199205
OtsAC19NSNT_0108 ,  206220 138138 222226 258258 138164 238250 177217 316406 237287 115161 165193 201233
OtsAC19NSNT_0109 ,  212222 154156 226230 238242 134204 250262 237241 332422 229237 137177 165197 193203
OtsAC19NSNT_0110 ,  206220 138162 226230 258282 164168 238250 177217 312406 205205 115181 165177 201233
OtsAC19NSNT_0113 ,  220236 134138 202230 200274 142146 262266 217225 336336 205229 189193 189189 201203
OtsAC19NSNT_0115 ,  236236 138160 222226 234242 138146 254274 229269 284316 197205 191235 177197 207237
OtsAC19NSNT_0117 ,  220228 138138 226226 226258 146164 214244 209269 316352 229263 135137 193193 193219
OtsAC19NSNT_0118 ,  214236 138138 170190 200290 142164 250266 229237 184184 205209 115137 177217 201201
OtsAC19NSNT_0127 ,  220220 138154 170202 234238 134160 234250 205257 340344 229287 201207 177177 201221
OtsAC19NSNT_0130 ,  220222 138154 186222 242258 134172 266282 261277 280410 205221 137161 177197 199203
OtsAC19NSNT_0131 ,  220228 138154 210230 242242 142172 214234 213229 280316 189275 241245 165193 199207
OtsAC19NSNT_0132 ,  220228 138154 190198 254266 152168 256270 237273 340414 229237 115137 177193 201229
OtsAC19NSNT_0133 ,  206228 134138 198234 242274 134180 206222 269289 316328 197229 137191 177177 199237
OtsAC19NSNT_0134 ,  212220 138154 222230 234242 152160 244250 237297 272324 201237 177235 177177 197201
OtsAC19NSNT_0135 ,  228228 138154 170226 242270 142184 172234 221233 336352 225275 165219 165193 201233
OtsAC19NSNT_0136 ,  222228 138154 194230 246274 142168 248262 237261 188316 193229 157161 177217 203219
OtsAC19NSNT_0140 ,  220236 138154 222234 242266 142164 226266 233253 280312 209237 193237 161193 193199
OtsAC19NSNT_0143 ,  222228 134154 222230 200258 142142 246262 225241 188340 229273 189233 177193 193201
OtsAC19NSNT_0148 ,  220222 154154 194230 270282 142156 230266 209213 316344 205221 161231 165177 199221
OtsAC19NSNT_0152 ,  222228 134154 230230 250258 164176 250250 241273 296344 213233 115189 165177 199201
OtsAC19NSNT_0153 ,  206228 138154 190218 266274 142142 236250 225233 352410 205205 161187 177177 207233
OtsAC19NSNT_0163 ,  206228 138154 186234 238262 152212 234250 209233 336352 193273 181253 177193 193199
OtsAC19NSNT_0167 ,  206222 134154 222234 242266 156172 206270 217229 304312 209225 191193 161161 193201
OtsAC19NSNT_0168 ,  206222 138154 186190 238238 184184 266266 229245 288384 205213 157165 177193 199233
OtsAC19NSNT_0170 ,  220236 138160 230234 274278 152184 236262 237237 188352 275295 165197 189197 193233
OtsAC19NSNT_0171 ,  220236 138154 186226 250250 142146 248266 177209 184312 213237 115191 177197 199201
OtsAC19NSNT_0175 ,  222236 154156 190198 234270 152160 244270 177229 348372 205205 133219 189193 199227
OtsAC19NSNT_0176 ,  218236 138154 218234 254262 134168 246270 237249 304348 201205 161197 177177 199199
OtsAC19NSNT_0178 ,  220220 154154 198214 262274 146160 248262 237257 352388 205233 115119 177193 207237
OtsAC19NSNT_0179 ,  220222 138154 218234 238238 142164 246270 217249 304348 205213 161197 177193 199227
OtsAC19NSNT_0180 ,  212222 134154 186218 200278 152160 266282 225229 292332 221237 115241 177193 205227
OtsAC19NSNT_0183 ,  220222 154166 202222 200266 168168 258262 229241 320356 193205 161227 165189 201227
OtsAC19NSNT_0187 ,  228228 154160 190226 242258 142146 230234 177217 352406 225233 165219 165193 203233
OtsAC19NSNT_0194 ,  222236 138138 170230 258274 134142 254266 205221 280336 193205 189189 177189 201203
OtsAC19NSNT_0197 ,  206214 154162 190222 254270 160172 248258 177233 184336 193225 161207 177177 199227
OtsAC19NSNT_0199 ,  214220 138154 186234 200270 142164 266282 229253 188328 213213 137181 177177 201203
OtsAC19NSNT_0201 ,  206222 138154 190226 226278 142164 206266 217229 304312 209237 137191 161193 193199
OtsAC19NSNT_0202 ,  222228 138138 186234 266266 134160 222278 257261 312332 221229 181197 193197 201227
OtsAC19NSNT_0205 ,  228236 156166 190198 234270 142152 244270 177229 320356 205205 137227 193193 199227
OtsAC19NSNT_0213 ,  220222 138154 198230 000000 152184 222274 221233 324380 229291 119235 177197 201201
OtsAC19NSNT_0215 ,  220222 134154 222234 242258 152172 230250 229229 340348 201233 193245 181193 199199
OtsAC19NSNT_0217 ,  222236 154156 222230 250270 160184 254266 209249 188344 221237 115137 177177 199227
OtsAC19NSNT_0218 ,  206236 134138 222222 258270 138142 206250 217237 340406 205287 161185 165165 201233
OtsAC19NSNT_0219 ,  220222 134138 222230 200274 142142 262270 225253 272336 205229 137193 177193 193221
OtsAC19NSNT_0223 ,  220228 138138 186218 242242 164164 244262 249281 296316 229233 181193 177189 201205
OtsAC19NSNT_0226 ,  220222 154154 226230 238250 142184 250266 241297 376380 213233 157193 165177 199227
OtsAC19NSNT_0228 ,  206236 138154 190234 234258 138164 242254 237269 284316 197197 115191 177197 205237
OtsAC19NSNT_0231 ,  220222 154154 190194 234242 142172 240266 209245 284340 205221 115177 193197 199237
OtsAC19NSNT_0237 ,  220220 154154 222226 238270 142164 222258 233277 352398 229237 137137 177181 227237
OtsAC19NSNT_0242 ,  220220 154154 222226 238278 142164 230250 253277 284406 225273 181227 177181 203227
OtsAC19NSNT_0243 ,  228228 138138 190226 242258 152164 244266 237277 252284 221233 115235 189197 201211
OtsAC19NSNT_0249 ,  206236 134138 198234 234238 138160 244250 217237 184316 221249 137235 165189 193201
OtsAC19NSNT_0255 ,  218222 138154 178214 258282 138164 172262 237277 188328 205229 115115 189197 199237
OtsAC19NSNT_0258 ,  220222 154160 186226 238270 142164 250266 245297 288376 233273 161191 177177 227237
OtsAC19NSNT_0261 ,  222228 138154 222226 200286 146160 206266 205245 336352 225233 135189 177189 201201
OtsAC19NSNT_0264 ,  228236 154154 226226 250270 138142 242266 229233 184380 197197 177191 165177 199201
OtsAC19NSNT_0265 ,  220222 154154 186218 246270 142142 250282 177297 376418 233287 165191 177177 199201
OtsAC19NSNT_0268 ,  206220 154154 222226 238270 142152 230258 233257 352406 213273 137227 177193 227237
OtsAC19NSNT_0270 ,  212228 138154 170202 242270 152164 210240 229257 316426 205237 157185 177177 199237
OtsAC19NSNT_0271 ,  220222 134154 230230 242262 142152 262266 209233 184316 233291 119157 177177 201221
OtsAC19NSNT_0277 ,  220228 138138 206234 242286 142160 250254 233237 316352 193221 115185 177193 193201
OtsAC19NSNT_0279 ,  220228 154154 166202 242286 168168 226258 181209 312380 273275 177203 165189 227233
OtsAC19NSNT_0282 ,  214228 138154 226238 242250 142164 254266 209277 244344 197229 161241 177193 201227
OtsAC19NSNT_0284 ,  222228 138154 170190 000000 142176 000000 181269 324336 205233 000000 165177 000000
OtsAC19NSNT_0287 ,  222228 138154 198218 238274 142184 250274 221241 276312 205209 161227 189197 201201
OtsAC19NSNT_0292 ,  220228 154154 230230 254258 138172 210266 193233 308332 205213 181181 193193 221237
OtsAC19NSNT_0293 ,  222228 154156 190198 234270 146160 244270 249261 356372 205273 133227 193193 227227
OtsAC19NSNT_0294 ,  206236 138154 190222 200234 164184 242250 229233 280316 213299 115239 165177 199229
OtsAC19NSNT_0296 ,  220228 138162 190202 258270 138152 250266 233237 188300 193229 115173 177177 201205
OtsAC19NSNT_0297 ,  206220 154160 202226 246270 152152 250278 229229 308308 193221 219227 185193 205207
OtsAC19NSNT_0299 ,  222222 138154 170202 200270 146168 172262 217225 336340 229275 189189 177189 193203
OtsAC19NSNT_0300 ,  206236 138138 222222 258270 156168 250250 173237 252256 205287 115161 189193 201201
OtsAC19NSNT_0302 ,  214236 138154 210222 238270 164196 246248 261273 184184 201205 177181 177193 193199
OtsAC19NSNT_0303 ,  222228 138154 190218 238274 134152 244254 181241 340380 209229 227235 177177 201201
OtsAC19NSNT_0305 ,  220222 134138 222234 242262 160172 250282 185229 336348 229245 115227 165193 233237
OtsAC19NSNT_0308 ,  220220 154160 194198 250286 146152 172262 241249 312324 205299 177191 177189 233237
OtsAC19NSNT_0311 ,  220236 138154 170186 238258 142164 172238 221229 312352 193221 161181 177177 237237
OtsAC19NSNT_0312 ,  220228 138154 190226 254286 142160 240254 181237 316316 181221 115177 193197 199221
OtsAC19NSNT_0313 ,  206206 138154 210234 200270 142168 266274 229253 188328 213213 137169 177177 205237
OtsAC19NSNT_0316 ,  220228 154160 190226 242270 142184 172246 177233 336352 193275 161219 165193 203233
OtsAC19NSNT_0317 ,  220226 134154 222226 242250 134138 214234 213245 184352 205233 115161 193193 183199
OtsAC19NSNT_0320 ,  216222 154154 186194 270278 164168 250262 225229 312422 213225 133137 177193 203237
OtsAC19NSNT_0323 ,  222222 138154 222234 234278 138164 214266 213261 316352 193291 193197 165189 201207
OtsAC19NSNT_0327 ,  222228 134138 190234 234242 134142 238258 217277 340410 205225 115161 177193 199199
OtsAC19NSNT_0328 ,  214220 138138 190238 242278 138152 206222 237281 336348 237299 115177 177177 193201
OtsAC19NSNT_0331 ,  228228 138138 190230 222254 152212 222266 181265 332348 233279 181189 177189 193203
OtsAC19NSNT_0334 ,  220222 154154 194198 234242 152164 250266 213257 332352 205229 137169 177193 233237
OtsAC19NSNT_0335 ,  212228 134154 218230 238254 142146 214262 177229 308418 197287 165187 177193 201227
OtsAC19NSNT_0336 ,  206212 138154 182186 222242 152176 240246 229229 280308 193205 173247 185193 205237
OtsAC19NSNT_0337 ,  222228 138138 222230 200242 146152 244256 241257 188308 193229 161161 165197 201227
OtsAC19NSNT_0341 ,  206228 134154 218222 200258 134160 230266 229265 344348 201233 163227 181193 199227
OtsAC19NSNT_0342 ,  222236 138160 198222 238242 142160 234266 229249 188348 213237 115135 165193 201227
OtsAC19NSNT_0344 ,  206220 138154 186190 254286 142196 248258 237261 348406 205225 119177 177189 199199
OtsAC19NSNT_0348 ,  220220 134154 230230 234250 160176 238262 213249 184236 205283 119229 177193 201237
OtsAC19NSNT_0349 ,  228236 154162 230234 238258 134168 206250 237273 304312 205205 161193 177197 201227
OtsAC19NSNT_0351 ,  206220 154156 202230 238238 164168 248266 229241 288352 205273 157191 177197 199233
OtsAC19NSNT_0352 ,  206236 134138 170230 250258 142142 210266 181201 184356 197275 137191 177177 201201
OtsAC19NSNT_0353 ,  218220 154160 226230 266270 142164 250282 233249 316340 197237 137193 165165 227237
OtsAC19NSNT_0355 ,  228236 138138 186190 200242 142164 234266 209285 184324 205233 181249 177177 199199
OtsAC19NSNT_0357 ,  206220 138154 226230 250258 152160 262270 229233 184336 205275 177181 165177 237237
OtsAC19NSNT_0361 ,  222228 138154 222230 200242 146224 240244 213237 308356 193205 161161 177197 201227
OtsAC19NSNT_0362 ,  228236 154154 170222 238258 164168 172266 221297 340352 225291 161191 177193 237237
OtsAC19NSNT_0363 ,  212220 138138 186234 246270 138204 238282 177205 328344 205221 161235 165193 199205
OtsAC19NSNT_0371 ,  220222 138154 194230 242258 168168 250262 237237 272406 205237 137185 165197 197233
OtsAC19NSNT_0374 ,  222226 154154 194226 218262 160164 250266 217245 316316 193205 115189 189189 201233
OtsAC19NSNT_0375 ,  220220 134154 222226 258262 142152 266270 217229 188414 225225 191235 177193 205207
OtsAC19NSNT_0378 ,  206214 138154 190222 242258 142152 250266 181257 236340 205233 191231 177177 199219
OtsAC19NSNT_0379 ,  220222 154154 202230 250270 164164 230250 233237 316324 213233 137155 177193 203237
OtsAC19NSNT_0380 ,  206212 134138 222222 278278 134142 266266 237261 308316 205205 161257 165193 237237
OtsAC19NSNT_0381 ,  220222 154154 190230 250278 152168 256270 237277 340356 193229 135169 177177 201221
OtsAC19NSNT_0382 ,  214228 138138 190190 234242 142164 258266 209233 284336 193237 115245 165197 201233
OtsAC19NSNT_0383 ,  228236 154160 178182 258258 152152 264266 209237 188344 205233 115119 193197 233237
OtsAC19NSNT_0384 ,  220220 134154 198230 242270 134176 210262 213233 184236 193291 119211 177193 201201
OtsAC19NSNT_0386 ,  220228 154160 210230 234242 142172 214234 229257 280316 189275 221245 193193 201207
OtsAC19NSNT_0389 ,  222222 134138 190230 250262 146152 266270 177237 236360 205213 177181 189193 203205
OtsAC19NSNT_0390 ,  222236 134138 222230 234270 168184 266278 181237 188344 221273 137269 177193 199227
OtsAC19NSNT_0392 ,  222238 134138 194226 200266 142164 262270 229317 300312 201237 137193 161165 199237
OtsAC19NSNT_0393 ,  220222 134138 230234 246258 184184 206274 237273 188344 221275 137219 177177 199201
OtsAC19NSNT_0407 ,  220222 138138 218226 242262 156188 248250 177237 236320 237237 193235 177189 199205
OtsAC19NSNT_0411 ,  220228 138138 230316 222254 138152 206222 181237 332348 233299 177189 177177 203211
OtsAC19NSNT_0412 ,  220228 138160 186218 242242 164164 242244 249281 336422 205233 137181 177189 203205
OtsAC19NSNT_0420 ,  220222 154154 190202 258286 138164 206262 181221 244348 221229 119191 185193 203221
OtsAC19NSNT_0425 ,  220222 138154 198230 242286 134168 172270 221245 328352 225233 135189 177177 201201
OtsAC19NSNT_0427 ,  220220 134154 218226 242286 134142 242244 229253 336336 229237 181193 177189 203237
OtsAC19NSNT_0436 ,  214228 138138 190230 222254 146212 206244 181237 332344 237279 115177 165177 193201
OtsAC19NSNT_0437 ,  220228 138162 190222 242278 134242 222250 209241 304344 221275 135161 165177 183201
OtsAC19NSNT_0438 ,  236236 138154 194198 258258 152176 230266 257261 188332 221273 159165 177177 233237
OtsAC19NSNT_0440 ,  206222 138154 194198 242258 146164 230266 245249 188336 193273 137227 177193 227229
OtsAC19NSNT_0441 ,  206206 156158 202222 242278 164164 240250 229241 344426 205237 157177 177177 201227
OtsAC19NSNT_0448 ,  222236 138154 170230 258270 134146 172254 217221 188336 193205 135189 193197 201237
OtsAC19NSNT_0450 ,  222228 138162 170190 270270 134172 250258 173233 308336 267275 119173 177177 199199
OtsAC19NSNT_0451 ,  220222 138156 198202 254278 152160 250262 221237 308380 197287 153201 165177 201205
OtsAC19NSNT_0455 ,  206220 154160 190222 250278 168184 250262 209241 184328 197233 181219 177189 201201
OtsAC19NSNT_0457 ,  220222 138138 190230 242258 152168 244274 221225 308380 189209 235241 177197 201201
OtsAC19NSNT_0458 ,  220220 154166 190230 262278 152152 260262 221237 244348 229233 119137 185193 201203
OtsAC19NSNT_0462 ,  222222 138160 198222 238242 138160 234266 229249 320348 221237 115135 165177 197237
OtsAC19NSNT_0463 ,  206222 138138 218234 270278 134176 222274 225257 312336 273287 165191 177177 199233
OtsAC19NSNT_0468 ,  220220 138156 218234 258286 138164 240286 177213 304332 221237 177235 177193 219237
OtsAC19NSNT_0470 ,  220222 134138 174222 200254 160172 250262 185229 336348 237245 165227 165193 227233
OtsAC19NSNT_0480 ,  206222 154162 182222 266274 134172 238250 181237 252336 193205 115227 161177 201201
OtsAC19NSNT_0483 ,  206228 138160 222230 242262 152164 226250 181209 340352 213233 181181 189193 199221
OtsAC19NSNT_0484 ,  222228 138138 218222 246278 142168 262266 225257 344344 221287 115115 177193 201201
OtsAC19NSNT_0485 ,  222228 154154 190210 234258 142164 242244 181213 236236 233287 193227 165193 193237
OtsAC19NSNT_0487 ,  220236 138154 230238 242258 152160 222270 229249 324336 205275 177181 177189 227237
OtsAC19NSNT_0488 ,  228236 138166 178190 242278 152184 172264 209277 188344 205237 115115 193197 199233
OtsAC19NSNT_0489 ,  220222 138138 182182 238282 164172 262266 205245 240312 237287 165193 165165 199201
OtsAC19NSNT_0490 ,  216236 138138 190222 234242 146172 254274 229269 320336 197205 191235 189193 207237
OtsAC19NSNT_0491 ,  228228 138138 230316 242278 138146 206244 237281 332348 237299 181189 177189 203211
OtsAC19NSNT_0493 ,  206220 138156 170170 242258 134138 250270 181221 188304 193205 177189 165197 201219
OtsAC19NSNT_0495 ,  220228 162162 170234 242242 146146 206274 205237 320348 197205 115195 189193 203207
OtsAC19NSNT_0503 ,  212220 138154 186194 258286 138142 230266 229261 188312 209275 201219 177177 199205
OtsAC19NSNT_0507 ,  220222 138162 186234 242254 142164 206206 177257 188344 201229 137227 193197 199237
OtsAC19NSNT_0508 ,  220228 154160 182214 242242 152152 234250 233237 320320 201205 177193 189193 203233
OtsAC19NSNT_0511 ,  220228 138162 222230 238258 134168 206250 237273 304312 205205 161197 177193 201227
OtsAC19NSNT_0512 ,  220220 138154 222230 242286 142152 258270 185233 348372 205205 115189 193217 205221
OtsAC19NSNT_0513 ,  206222 138154 202230 266290 142152 246254 205229 184352 205233 115137 193217 207219
OtsAC19NSNT_0514 ,  212220 154160 162222 238242 152160 230262 221237 272380 237275 165177 165197 197205
OtsAC19NSNT_0517 ,  220222 138138 194198 270286 142142 244258 217249 348372 205205 181189 161193 201201
OtsAC19NSNT_0519 ,  228236 138154 170222 258270 142168 172238 221229 340352 221225 161181 165177 201237
OtsAC19NSNT_0522 ,  214218 154156 170186 274278 134142 270278 229277 288316 193209 213235 197217 207233
OtsAC19NSNT_0524 ,  206222 138154 194198 242286 142152 244258 185249 304332 205205 181189 165217 201221
OtsAC19NSNT_0526 ,  216236 138160 190202 234238 160172 250274 229269 316336 197205 185235 193197 199207
OtsAC19NSNT_0528 ,  206214 156162 186198 242270 142164 266266 229253 184348 201213 169219 177193 205237
OtsAC19NSNT_0529 ,  220228 138154 190234 234262 164188 244266 209237 252284 221237 115181 193197 199201
OtsAC19NSNT_0530 ,  222228 134138 218226 242258 160172 230266 229265 344348 201233 193227 189193 219227
OtsAC19NSNT_0531 ,  214236 138138 186222 238242 146160 248248 257261 184300 205221 177227 177177 227233
OtsAC19NSNT_0537 ,  206220 156160 210230 200278 160168 258274 253253 184320 193201 137169 177177 205237
OtsAC19NSNT_0541 ,  236236 138162 190226 218278 138172 242266 229237 308340 237237 115205 165177 199201
OtsAC19NSNT_0542 ,  220220 134138 230230 234250 134152 238262 249277 184324 193205 177229 177189 201237
OtsAC19NSNT_0543 ,  228228 138138 190230 242278 146212 206222 265281 336348 237299 177189 177189 193203
OtsAC19NSNT_0547 ,  222228 134154 222234 242258 152172 230266 229265 268340 201233 193245 189197 219227
OtsAC19NSNT_0559 ,  220222 134138 170198 254258 164168 250278 225277 308348 189229 115177 177189 227233
OtsAC19NSNT_0560 ,  220236 154154 190190 250270 142168 248266 209233 184320 205205 135191 177177 193199
OtsAC19NSNT_0561 ,  206236 154162 182202 200274 142172 250262 237273 336336 193273 193227 177177 201201
OtsAC19NSNT_0568 ,  222236 138154 222230 270274 142168 258262 217273 336336 205273 189189 177189 201237
OtsAC19NSNT_0570 ,  220222 134138 198198 250258 176184 254262 181249 184276 209291 177235 177177 201203
OtsAC19NSNT_0573 ,  220236 138160 190222 234238 146172 250274 229237 320336 197205 185235 189193 199201
OtsAC19NSNT_0581 ,  222228 138154 194198 200242 134168 250266 233245 356356 201233 115165 177189 199201
OtsAC19NSNT_0582 ,  220222 138154 230234 238262 134168 246256 173217 348352 213233 161197 165177 201227
OtsAC19NSNT_0585 ,  212220 138154 186186 246278 134204 262282 225277 344410 205221 161241 177189 199205
OtsAC19NSNT_0586 ,  228228 138138 190238 254278 146212 222266 181265 336344 233279 115177 165177 201211
OtsAC19NSNT_0590 ,  220228 138160 186234 246286 142168 234270 181213 344352 275291 137165 177193 199201
OtsAC19NSNT_0594 ,  220236 154154 186190 234238 168172 246246 233233 320352 205213 137185 165189 193199
OtsAC19NSNT_0595 ,  218220 138154 194226 242286 188188 206266 213249 312320 225275 197219 177189 201219
OtsAC19NSNT_0601 ,  212222 154160 186186 242278 160204 250282 205229 292332 221237 115241 177189 201227
OtsAC19NSNT_0602 ,  212220 138160 182202 242278 146164 254254 181249 304328 193205 137191 177189 201219
OtsAC19NSNT_0607 ,  222236 154154 190190 242250 184212 234266 177209 184340 197279 183219 165177 201227
OtsAC19NSNT_0622 ,  222222 134138 186218 242270 160204 250282 205229 292332 221237 115241 177193 205227
OtsAC19NSNT_0624 ,  228228 138154 190226 242242 146164 172234 221233 336352 193275 135165 165177 203233
OtsAC19NSNT_0631 ,  206236 138138 194198 242258 146176 266274 229245 188336 193233 165189 177177 227233
OtsAC19NSNT_0633 ,  228228 138138 190238 242278 138146 222266 181237 336348 233299 181189 177177 193201
OtsAC19NSNT_0635 ,  222236 138138 218226 270290 138152 250266 181209 324402 205205 191249 177189 199205
OtsAC19NSNT_0639 ,  206228 138138 222230 238278 146164 206238 205237 328406 205225 135177 177193 193227
OtsAC19NSNT_0640 ,  220228 138138 226234 258266 134152 244266 177273 252332 237275 181253 189193 211233
OtsAC19NSNT_0646 ,  220222 134138 226234 262286 142146 246248 209257 264372 263275 135195 165177 201233
OtsAC19NSNT_0649 ,  218220 138154 190230 238278 168180 206266 229237 336352 197209 165177 193193 205233
OtsAC19NSNT_0650 ,  220220 138162 186222 246290 134142 238242 233277 340410 205275 115119 177193 199199
OtsAC19NSNT_0652 ,  206206 138154 222230 242258 168172 226250 177181 320406 205287 115137 165177 199233
OtsAC19NSNT_0653 ,  220228 138154 170222 192262 146152 250254 209233 312336 193273 227253 177177 201233
OtsAC19NSNT_0657 ,  220222 138138 218234 242278 134152 238282 177205 292410 205221 161235 177193 199205
OtsAC19NSNT_0659 ,  222222 134154 202234 238250 146152 260266 177209 348360 205209 177181 189193 203237
OtsAC19NSNT_0665 ,  222228 134154 202214 200266 142168 248262 225261 316340 229229 161189 177193 201201
OtsAC19NSNT_0666 ,  212220 138154 218230 254274 138168 214266 181257 308344 225299 181233 165177 211233
OtsAC19NSNT_0669 ,  206236 138154 194218 242258 164168 266274 229245 188336 205233 165189 177193 193233
OtsAC19NSNT_0672 ,  222228 138154 190218 258274 134184 244274 181241 312380 205229 137235 189197 201203
OtsAC19NSNT_0674 ,  210212 134156 218222 242282 168172 236262 205237 336422 197237 137201 177189 197205
OtsAC19NSNT_0675 ,  220220 138138 174222 262270 160172 206282 233237 336356 201221 227229 177189 227233
OtsAC19NSNT_0679 ,  220228 138138 186202 242286 152160 240254 181229 308352 201229 173219 177189 201205
OtsAC19NSNT_0683 ,  218220 134154 194218 266278 138180 246254 181249 316336 197229 219227 177193 201233
OtsAC19NSNT_0708 ,  206220 138154 222222 258270 168172 230274 233261 332340 229291 163191 177177 193237
OtsAC19NSNT_0719 ,  206220 134154 182202 242278 146164 254254 177181 312340 193213 181191 177189 199201
OtsAC19NSNT_0720 ,  220222 134138 186234 242254 160160 250282 229237 324348 237245 161165 177193 199227
OtsAC19NSNT_0725 ,  206228 138138 186202 270278 160168 250278 249253 236324 197213 193197 177193 201205
OtsAC19NSNT_0726 ,  206220 154156 210222 200238 168196 248274 217261 184406 193201 181207 177189 205227
OtsAC19NSNT_0733 ,  222228 138138 000000 242258 152156 244250 177237 236320 197237 193235 177189 205211
OtsAC19NSNT_0743 ,  206222 134138 174222 242254 160172 250282 229237 336348 221237 165227 177193 199227
OtsAC19NSNT_0747 ,  222222 154160 190202 200286 152152 246262 229245 312348 197201 165227 177177 207227
OtsAC19NSNT_0751 ,  220222 138154 202230 266290 142172 252278 205229 344352 213233 115137 193193 199233
OtsAC19NSNT_0753 ,  206222 138160 174222 242262 160160 250262 185229 324332 221237 165227 165177 227233
OtsAC19NSNT_0773 ,  220222 154160 202234 238262 146152 260266 213237 348360 209213 137195 189193 221237
OtsAC19NSNT_0775 ,  218220 138154 190230 200266 138142 236238 193225 308340 205237 197227 193193 205233
OtsAC19NSNT_0776 ,  220222 138154 194202 242242 156172 240250 181253 236308 205237 115135 177193 205205
OtsAC19NSNT_0777 ,  000000 138138 186226 000000 134160 222266 249273 312332 221229 000000 193193 000000
OtsAC19NSNT_0784 ,  206222 138154 222230 246270 146172 242274 233261 320324 229291 163191 177193 201237
OtsAC19NSNT_0785 ,  220228 138156 230230 242242 168212 242266 181237 340344 205299 173177 165165 193199
OtsAC19NSNT_0796 ,  222228 138154 218222 234262 146152 230246 249265 348422 221233 115193 165193 199207
OtsAC19NSNT_0797 ,  206236 138138 202222 238238 146146 242248 177233 316324 205229 191235 177197 193201
OtsAC19NSNT_0815 ,  222222 154154 170202 200274 142146 172250 217241 336352 201205 161227 177189 199237
OtsAC19NSNT_0823 ,  222228 138154 214226 266266 134160 222266 249261 324332 221229 177181 193197 201201
OtsAC19NSNT_0824 ,  222228 138138 218234 238270 138168 244244 229233 184308 205205 191233 165177 193203
OtsAC20NSNT_0378 ,  218222 138154 186230 258262 138152 258266 213285 340406 229237 191197 193197 201201
OtsAC20NSNT_0379 ,  220222 138138 194198 192270 142142 250270 217233 332348 205205 115181 161165 205221
OtsAC20NSNT_0383 ,  220222 138138 186202 238242 142168 234266 181237 316352 205209 179223 177193 199205
OtsAC20NSNT_0384 ,  220222 138162 186230 262270 142172 248250 249277 312316 229237 133203 193197 201205
OtsAC20NSNT_0386 ,  220228 138138 238316 242278 152212 206244 265281 332344 233279 177189 165177 203211
OtsAC20NSNT_0409 ,  206220 138154 194230 258266 152168 250278 177253 252328 213287 177185 189189 201233
OtsAC20NSNT_0425 ,  220236 134154 194230 266270 142152 250274 205229 312332 205229 137231 177177 201237
OtsAC20NSNT_0430 ,  212220 138154 170186 238270 142142 214250 177249 184376 237279 193227 165165 199201
OtsAC20NSNT_0454 ,  206218 138138 202222 222238 146168 230270 181233 336340 233237 189191 177177 193237
OtsAC20NSNT_0471 ,  206220 138154 162178 238242 146152 240266 217229 188324 193201 189189 177193 193205
OtsAC20NSNT_0472 ,  222228 138162 190276 242250 164164 222266 229241 332344 205205 137163 177189 199227
OtsAC20NSNT_0474 ,  220222 138154 198198 238250 152152 262274 181249 324380 209291 119235 177197 201201
OtsAC20NSNT_0477 ,  220228 138154 222230 254258 152164 246250 217273 312352 205233 161197 165193 201227
OtsAC20NSNT_0479 ,  220228 138138 178230 266270 168184 214250 229233 308344 205233 203253 177193 227233
OtsAC20NSNT_0484 ,  220228 138138 190230 222254 138152 206222 181237 332344 237279 115181 165177 193203
OtsAC20NSNT_0485 ,  220228 154160 186190 234242 168184 214266 213229 280316 189275 193221 165193 199207
OtsAC20NSNT_0496 ,  222236 134156 222226 250262 138168 254270 209249 316344 229273 137269 177177 227237
OtsAC20NSNT_0505 ,  220228 138156 230238 242246 138168 206242 181237 348422 189299 173181 165177 199211
OtsAC20NSNT_0514 ,  228236 154160 178182 258258 152152 172264 209277 188344 205233 115119 177193 199205
OtsAC20NSNT_0518 ,  216228 138154 202230 246270 152184 240274 229273 324344 221275 137189 193193 205227
OtsAC20NSNT_0521 ,  222236 138154 190222 266278 156172 226270 229253 304340 209237 137237 161197 193199
OtsAC20NSNT_0532 ,  228228 138138 230230 238242 138146 246266 233281 336348 263299 181185 177177 201211
OtsAC20NSNT_0536 ,  220220 138138 186190 254270 142196 248266 245261 348406 193225 137177 177189 199201
OtsAC20NSNT_0541 ,  220236 138154 210230 218258 134164 270282 217241 336352 205275 115161 177193 237237
OtsAC20NSNT_0550 ,  206222 138138 218230 242242 146168 246250 233253 336344 197205 135193 177217 221233
OtsAC20NSNT_0555 ,  218236 138138 170222 234234 138146 222274 197229 340344 193233 199239 189193 233237
OtsAC20NSNT_0558 ,  222228 134154 230234 258286 138142 206286 229281 344352 209233 219227 177193 199205
OtsAC20NSNT_0562 ,  228228 138138 218238 254274 138146 206244 181257 308348 225279 177233 177177 203211
OtsAC20NSNT_0567 ,  206222 138138 218226 266278 160168 248254 177209 236392 229237 115253 177177 201221
OtsAC20NSNT_0576 ,  220220 138154 186190 238258 142196 248266 177177 352406 205205 157207 177189 199201
OtsAC20NSNT_0579 ,  220228 138160 218222 200258 146164 244250 177237 188356 205221 161193 177193 199227
OtsAC20NSNT_0585 ,  220220 154154 186234 262274 138142 262270 233257 352384 205233 115119 177193 237237
OtsAC20NSNT_0587 ,  220228 138138 230316 222254 138146 206222 265281 336344 237299 115181 165189 203211
OtsAC20NSNT_0588 ,  206206 138156 170186 270278 134164 210266 229237 308316 201275 181207 177189 199237
OtsAC20NSNT_0595 ,  228228 138160 214238 242242 138184 246266 233281 336348 205279 177185 177177 201211
OtsAC20NSNT_0607 ,  212222 138154 170222 258262 138152 250278 249257 316316 221229 115193 165177 227237
OtsAC20NSNT_0612 ,  220228 138154 202226 258270 134152 210266 181217 324344 233275 137241 193193 205237
OtsAC20NSNT_0680 ,  220222 134138 186222 242254 142196 248250 261269 348406 205209 177189 189197 199201
OtsAC20NSNT_0713 ,  220220 154166 186222 238258 142188 244266 213237 312316 213275 115161 177197 237237
OtsAC20NSNT_0729 ,  228228 138154 234234 238262 142142 250266 209233 312344 221233 181227 177197 199201
OtsAC20NSNT_0739 ,  220236 154160 190230 238274 146164 250288 209217 304356 205205 161189 177189 201203
OtsAC20NSNT_0751 ,  216228 138138 186222 258258 142168 230274 181229 188344 233287 115219 177193 201205
OtsAC20NSNT_0755 ,  220222 134138 186234 242254 160160 250262 185229 324348 237245 115161 177193 227233
OtsAC20NSNT_0810 ,  222228 156166 198230 234270 142146 244270 249261 356372 205205 137219 193193 199227
OtsAC20NSNT_0825 ,  214228 138138 190230 222242 146212 222266 181237 336348 237279 115181 177177 193201
OtsAC20NSNT_0835 ,  220220 134138 214234 242262 138152 210288 217233 308312 205233 165241 193217 227227
OtsAC20NSNT_0907 ,  220220 138162 222230 274290 142146 258266 205217 336340 205205 161161 189193 199203
OtsAC20NSNT_0910 ,  214220 138138 230316 254278 152212 222266 265281 336344 233279 115177 165189 193201
OtsAC20NSNT_0942 ,  220220 154162 186226 266278 138172 242266 225229 264320 197237 193195 177189 199199
OtsAC20NSNT_0988 ,  228236 138138 218226 200242 142164 234266 209285 324344 197233 181249 177177 201201
OtsAC20NSNT_1093 ,  220228 138138 190238 242278 138152 244266 181237 336344 233279 181189 165177 201211
OtsAC20NSNT_1120 ,  222236 138154 222226 242286 138142 206250 249281 344376 201233 159165 165193 237237
OtsAC20NSNT_1191 ,  228236 154154 190190 234238 168172 244248 233233 312352 205213 137185 165189 193199
OtsAC20NSNT_1284 ,  206220 138138 214238 238242 138146 206246 237281 336344 205299 135181 165189 211233
OtsAC20NSNT_1330 ,  228228 138138 238316 242278 138146 222266 265281 332348 237299 115177 177189 201211
OtsAC20NSNT_1350 ,  214220 138138 190230 254278 138152 222266 181237 336344 237299 115177 177177 193201
OtsAC20NSNT_1356 ,  228228 138138 190214 242270 160164 222266 209249 308324 193229 115177 193193 199227
OtsAC20NSNT_1364 ,  206220 138160 226230 254270 152152 240250 229253 272348 197205 137227 177193 199199
OtsAC20NSNT_1390 ,  220236 134154 222234 258286 142164 236250 249281 344376 201233 165235 165193 237237
OtsAC20NSNT_1423 ,  222228 138154 182202 250290 152168 206238 229237 188312 229229 115137 177177 199205
OtsAC20NSNT_1481 ,  214236 138138 222222 238242 146196 248288 177209 184340 205205 177181 177177 199233
OtsAC20NSNT_1492 ,  222228 154154 190230 262282 138138 250266 241261 344380 221229 115253 193197 219233
OtsAC20NSNT_1502 ,  214220 138138 238316 242278 138152 244266 181265 336348 233299 177189 177189 193201
OtsAC20NSNT_1541 ,  222228 134134 222230 242270 164168 206262 237237 324422 229237 137177 177177 199237
OtsAC20NSNT_1560 ,  206222 138160 186190 266290 152164 250250 225285 312316 201205 245249 165177 199201
OtsAC20NSNT_1598 ,  220222 154162 186222 254270 142160 248258 233261 184336 193225 161177 177193 199199  