genepop_2015.txt
L1, L2, L3, L4, L5, L6, L7, L8, L9, L10, L11, L12
Pop
AC20NSNT_0144 ,  228236 138154 194234 218250 168184 244274 209213 312348 237275 115135 177177 193201
AC20NSNT_0200 ,  216218 138154 222230 246278 138184 254274 229233 312312 229273 137235 177189 199199
AC20NSNT_0214 ,  206228 138154 186234 242258 152152 258270 233281 264284 209221 181189 193217 207227
OtsAC18NSNT_0002 ,  210212 134154 190222 234258 142152 266266 241269 188340 201229 191197 177177 205205
OtsAC18NSNT_0056 ,  220220 134138 186222 200262 142168 250282 233249 288288 197201 115161 177177 199227
OtsAC18NSNT_0058 ,  220228 154156 218230 246270 164208 244248 177257 184336 205221 137165 177177 193199
OtsAC18NSNT_0063 ,  222228 138166 218230 242242 142184 248250 237249 280316 193291 115191 189197 201205
OtsAC18NSNT_0064 ,  220222 154162 170222 200242 142164 230250 177233 320340 205237 135229 189197 201205
OtsAC18NSNT_0096 ,  220220 162166 190218 242270 168172 222244 249249 280316 193229 115191 189197 201233
OtsAC18NSNT_0097 ,  220220 138154 170194 258278 138164 238250 229249 312340 189275 115161 177189 199203
OtsAC18NSNT_0115 ,  220236 138152 190218 242242 160164 244254 225229 336388 201205 115161 193193 203203
OtsAC18NSNT_0118 ,  220236 138154 230234 242262 134152 246248 281289 188414 229237 115137 177177 205221
OtsAC18NSNT_0122 ,  210228 154154 190230 270270 134142 222242 249273 316340 229273 181197 177189 205233
OtsAC18NSNT_0150 ,  220228 138154 218222 250266 146176 278286 229241 188372 205229 161191 177193 201203
OtsAC18NSNT_0167 ,  220222 138154 230230 242286 142168 248288 181237 316336 273275 115115 177189 201205
OtsAC18NSNT_0191 ,  206222 134138 198202 250250 142168 236242 225297 272320 221229 119207 165189 233237
OtsAC18NSNT_0196 ,  222222 134138 206218 250262 134176 266286 209241 188372 229291 137161 177177 203205
OtsAC18NSNT_0205 ,  220228 138160 226226 000000 138142 242254 229265 320336 201233 000000 193217 199201
OtsAC18NSNT_0208 ,  220220 154154 218230 266270 138142 248270 249265 308414 201273 119181 177177 199233
OtsAC18NSNT_0221 ,  222228 154154 190230 246270 168168 222288 181237 316336 193273 115187 177189 205227
OtsAC18NSNT_0226 ,  206218 134160 234234 200282 152172 242250 237249 304414 193237 185205 177193 201201
OtsAC18NSNT_0227 ,  214220 154154 226230 266270 138142 242248 237265 308320 205273 115235 177217 201205
OtsAC18NSNT_0233 ,  220220 138154 218230 242242 142172 222244 233237 280308 273291 115191 177177 201205
OtsAC18NSNT_0247 ,  222236 134138 190230 262266 152152 252256 225241 188352 201237 197241 177193 199201
OtsAC18NSNT_0257 ,  220222 154160 206226 270294 138228 242270 217229 236332 275287 181213 177193 193199
OtsAC19NSNT_0010 ,  220220 138154 182230 242246 152184 234250 229233 332414 233273 115191 177197 199201
OtsAC19NSNT_0017 ,  222228 134154 194230 000000 134168 172274 181237 272344 205275 115191 177177 201205
OtsAC19NSNT_0042 ,  222222 138160 218218 266266 134142 250286 177209 332372 221233 193235 193193 201203
OtsAC19NSNT_0056 ,  220222 138154 186230 266282 164164 222282 221233 316324 221237 135227 165177 199203
OtsAC19NSNT_0060 ,  220222 154162 210222 200266 138146 230270 233269 324340 237287 135229 189197 205207
OtsAC19NSNT_0063 ,  220222 138154 194218 238266 134146 240250 205229 276312 205229 187193 177193 201203
OtsAC19NSNT_0074 ,  206236 134154 170194 238270 134142 230234 181225 340360 209229 197235 177193 201234
OtsAC19NSNT_0092 ,  220220 154166 222230 270270 142168 222266 237273 308324 229273 115115 177193 219233
OtsAC19NSNT_0098 ,  220226 134138 202238 200270 152172 210266 205233 336340 189237 119161 193193 199233
OtsAC19NSNT_0105 ,  206222 134156 190222 218242 146184 222222 185273 188340 201205 161229 177197 201201
OtsAC19NSNT_0122 ,  218220 138138 194222 246278 138142 266274 181229 336414 273275 137189 177189 197233
OtsAC19NSNT_0145 ,  206222 134154 182194 238250 134142 234266 225257 296360 213221 197235 177189 201219
OtsAC19NSNT_0190 ,  220220 138154 218230 266278 138146 230250 209269 276316 205221 193227 177177 199203
OtsAC19NSNT_0196 ,  216222 138138 194230 246278 138142 234254 233233 312336 229273 115235 177189 199233
OtsAC19NSNT_0222 ,  222222 138156 218222 266278 152168 242262 229245 000000 213275 137181 177177 199237
OtsAC19NSNT_0224 ,  214220 154160 218226 266274 142176 242244 265265 320336 201233 191235 193217 201201
OtsAC19NSNT_0227 ,  220236 154154 230230 258270 160164 222238 217229 312340 189283 161219 189189 199227
OtsAC19NSNT_0233 ,  218220 134138 222230 266278 138152 244250 209257 340352 189237 161185 177189 199201
OtsAC19NSNT_0234 ,  206220 138138 198230 266282 152152 222244 241281 284316 221237 115227 193193 199203
OtsAC19NSNT_0244 ,  220220 154154 170230 258270 138160 250250 229249 312340 221283 115161 189189 199203
OtsAC19NSNT_0250 ,  228228 134138 182206 242246 152168 230246 205277 244284 193287 177191 165177 205237
OtsAC19NSNT_0256 ,  212222 154156 194226 266278 152168 262270 229245 236340 237275 115177 177197 203237
OtsAC19NSNT_0281 ,  212228 138138 186230 242270 164168 240274 209285 304312 229283 191235 177177 193201
OtsAC19NSNT_0307 ,  220222 138162 230230 258270 152164 244266 213241 312316 201237 135181 177193 199227
OtsAC19NSNT_0310 ,  220222 154154 218222 250262 134176 250278 229241 372422 221291 137193 177193 205237
OtsAC19NSNT_0314 ,  228228 154160 182230 242242 146146 250254 229257 184316 229291 115177 177213 203237
OtsAC19NSNT_0325 ,  220220 154154 190230 270270 134142 248266 237273 308332 193229 115197 177177 219233
OtsAC19NSNT_0366 ,  212236 134138 190202 250262 142152 266288 225241 340344 201237 115241 193193 201201
OtsAC19NSNT_0394 ,  220222 154160 226226 270294 152228 242270 217261 236332 205205 115213 177193 193199
OtsAC19NSNT_0404 ,  220220 154156 194230 258270 152208 248274 213221 336352 205205 137185 177177 201203
OtsAC19NSNT_0433 ,  220220 138154 190226 250262 142168 248270 213261 296344 237273 181193 177197 201227
OtsAC19NSNT_0476 ,  220222 154156 186222 258274 152164 222270 229277 272312 233237 161181 177177 201201
OtsAC19NSNT_0481 ,  220222 138162 230230 266270 142152 222282 213241 312332 201237 135181 165177 199227
OtsAC19NSNT_0501 ,  206220 154160 198226 270282 142152 222250 177281 316324 221233 189191 177193 201227
OtsAC19NSNT_0538 ,  220222 138162 230230 266270 142152 244266 213221 312316 193225 135191 165193 199227
OtsAC19NSNT_0546 ,  220236 154160 170234 258278 160180 266266 201205 372406 213229 159237 165177 233237
OtsAC19NSNT_0549 ,  212222 138154 218234 246262 134146 250286 205229 312372 205229 161187 177177 201203
OtsAC19NSNT_0553 ,  220222 154160 170230 200262 152164 250266 177241 188320 201201 135191 177189 205205
OtsAC19NSNT_0576 ,  220220 154154 218226 258262 134134 262286 229229 308372 221233 193227 177177 203237
OtsAC19NSNT_0577 ,  220222 154154 210226 242282 160168 250282 181273 316332 233273 161181 177177 199233
OtsAC19NSNT_0606 ,  222222 154160 218226 266270 134142 250286 205229 276316 229233 193235 177193 201203
OtsAC19NSNT_0627 ,  222236 134154 202222 266278 142184 244254 185237 280406 229233 135197 165165 201237
OtsAC19NSNT_0629 ,  212220 154154 230230 246270 164164 222238 229249 316352 221275 115235 165177 201203
OtsAC19NSNT_0680 ,  220220 134138 198198 200262 142184 250282 229233 288372 205221 115223 177177 201227
OtsAC19NSNT_0702 ,  220222 154154 222226 250270 138142 244262 185269 324336 221233 137177 165189 199203
OtsAC19NSNT_0706 ,  220220 138154 222230 250270 142172 242254 185269 252336 233273 177191 193193 201207
OtsAC19NSNT_0742 ,  212228 138138 170186 200270 142164 240254 209229 304312 201229 191235 177177 193201
OtsAC19NSNT_0748 ,  222222 138138 222226 266282 138142 214250 233285 280320 213279 115135 165193 201201
OtsAC19NSNT_0766 ,  210236 138154 218230 234262 152172 172222 233237 240332 229237 115165 165197 201237
OtsAC19NSNT_0767 ,  220220 138156 186226 266278 142146 254256 181205 316332 197233 177191 193197 201205
OtsAC19NSNT_0772 ,  220222 134154 218222 262270 134176 250266 209241 372422 221291 191193 177177 203205
OtsAC19NSNT_0778 ,  222228 154160 194222 000000 152152 222266 209209 308352 237241 000000 193213 199233
OtsAC19NSNT_0795 ,  000000 154154 170194 000000 138160 238250 217257 340352 000000 000000 165189 000000
OtsAC19NSNT_0807 ,  212228 138154 222222 254286 134152 244278 209241 188352 205275 185191 177177 205237
OtsAC19NSNT_0809 ,  220228 134138 198222 266274 160184 256266 241281 288414 205221 189235 177177 207221
OtsAC20NSNT_0860 ,  220228 138138 202230 242258 134184 242248 181253 320320 229229 219233 165177 199201
OtsAC20NSNT_1079 ,  218236 134154 222226 266278 138142 214254 233285 280406 213279 115139 165177 201237
OtsCC19NSNT_2154 ,  220224 138154 186230 258278 146152 242282 201241 316332 197237 135157 177193 199227  