genepop_2017.txt
L1, L2, L3, L4, L5, L6, L7, L8, L9, L10, L11, L12
Pop
OtsAC17NSNT_2676 ,  206220 154154 170230 242262 152160 246262 237257 244352 205233 137253 177189 201219
OtsAC17NSNT_2677 ,  222222 138138 186186 234278 164172 234270 205229 336336 197205 115235 165177 201219
OtsAC17NSNT_2678 ,  212220 138154 194226 238254 138142 222234 225281 280352 205213 161177 177197 203237
OtsAC17NSNT_2679 ,  220220 138138 194210 266278 160172 234262 209233 316336 193197 207215 165177 199203
OtsAC17NSNT_2680 ,  206236 138160 226230 262270 146146 244254 225277 188324 205229 177231 177197 201237
OtsAC17NSNT_2681 ,  220222 134154 170230 278282 142142 210248 233237 324360 221233 205207 189193 199199
OtsAC17NSNT_2682 ,  220228 142154 190218 238270 160164 244282 233233 336426 205221 191201 193217 237237
OtsAC17NSNT_2683 ,  220220 154154 218226 258278 152152 234266 229233 300312 221275 137191 165193 205219
OtsAC17NSNT_2684 ,  220228 138154 190222 234270 146160 234262 177217 284328 209275 201235 189197 199221
OtsAC17NSNT_2685 ,  220222 134138 194210 278282 152172 262270 233281 316336 193197 207215 165177 203227
OtsAC17NSNT_2687 ,  222236 154154 202222 262266 142176 238266 237293 296352 221233 155229 165177 201203
OtsAC17NSNT_2688 ,  212220 134162 190198 242282 164172 258274 213269 284308 205221 161169 161177 201201
OtsAC17NSNT_2689 ,  220222 138138 194210 234266 142160 262270 209281 316336 197221 163215 165177 203227
OtsAC17NSNT_2690 ,  206220 138166 186234 254274 152172 250250 241273 184336 193233 177193 165177 199233
OtsAC17NSNT_2691 ,  206236 154160 218218 278282 142168 236242 237249 344352 201205 181191 177177 201205
OtsAC17NSNT_2692 ,  220228 134134 210218 238270 164164 266270 173257 328344 213229 181247 193193 199201
OtsAC17NSNT_2693 ,  228236 134154 182194 000000 146168 222270 237249 280312 209221 169169 177217 199207
OtsAC17NSNT_2694 ,  220220 138154 186226 238278 152152 250250 205229 252280 213229 119253 193197 199227
OtsAC17NSNT_2695 ,  210236 134160 198234 270278 138168 250254 237249 268280 205291 177235 177177 183199
OtsAC17NSNT_2696 ,  222228 134154 170186 274286 164168 248270 217261 256336 205205 157181 165165 227233
OtsAC17NSNT_2697 ,  222236 154154 194222 246266 142152 234274 221277 304332 209225 115193 193197 199233
OtsAC17NSNT_2698 ,  220222 134154 190230 246286 134142 254282 217261 324414 201213 161235 165177 199207
OtsAC17NSNT_2699 ,  222228 138160 202222 254262 142184 250270 213269 244340 205279 189235 177193 199201
OtsAC17NSNT_2700 ,  222222 134154 222226 242278 142142 244266 205261 252344 221229 241245 177189 207233
OtsAC17NSNT_2701 ,  210220 154154 202230 270282 146184 254256 241253 236380 205213 135235 165189 199203
OtsAC17NSNT_2702 ,  214228 154158 186202 242282 142184 266286 209217 252320 205221 137197 177177 201201
OtsAC17NSNT_2703 ,  220222 154154 218222 200258 138152 172266 229229 316316 193205 137161 165217 205237
OtsAC17NSNT_2704 ,  206222 154156 186186 266278 134172 234270 229241 316336 197205 185235 177177 193219
OtsAC17NSNT_2705 ,  218220 138162 170234 246270 160164 206222 225257 344356 197275 119201 189193 205237
OtsAC17NSNT_2706 ,  214226 134160 190198 246266 142160 240250 257261 308336 205233 137193 189189 201237
OtsAC17NSNT_2707 ,  220222 154154 170202 262270 138184 222254 177233 188236 205229 137181 177193 201203
OtsAC17NSNT_2708 ,  222228 138156 170222 262266 146168 244246 229257 188344 197229 137165 161189 201221
OtsAC17NSNT_2709 ,  222236 138166 202202 200282 142168 266282 213237 340340 205209 215251 193217 199233
OtsAC17NSNT_2710 ,  220222 138154 194230 234274 138172 266288 181245 316340 229233 191235 189193 201219
OtsAC17NSNT_2711 ,  220222 138158 202222 238250 160164 244244 173249 316340 221279 177215 177189 201201
OtsAC17NSNT_2712 ,  222236 134160 186202 270270 172180 234250 273273 380406 229233 135189 177177 201227
OtsAC17NSNT_2713 ,  220220 134134 194230 266278 142152 262270 233233 276316 193197 161207 165177 227233
OtsAC17NSNT_2714 ,  220224 134154 202234 266266 152156 240250 221237 344352 197237 115191 193193 227237
OtsAC17NSNT_2715 ,  220228 138154 182230 242282 160164 234270 265281 184252 197205 201215 193213 199199
OtsAC17NSNT_2716 ,  222236 138154 178234 254258 138156 266270 173237 296320 221233 177181 165193 199201
OtsAC17NSNT_2717 ,  220228 154160 190222 266270 152164 230238 209261 312380 189213 161165 165177 233233
OtsAC17NSNT_2718 ,  218218 138138 202214 242286 138172 222262 205217 300304 205221 177189 177189 199199
OtsAC17NSNT_2719 ,  220228 134138 218226 262266 138168 244248 245257 332344 225229 137231 161189 201221
OtsAC17NSNT_2720 ,  220220 138154 222234 258274 152168 244270 221237 340344 209221 161181 165193 227237
OtsAC17NSNT_2721 ,  228236 154166 226230 200258 152152 240254 201225 300324 193237 119191 165177 199237
OtsAC17NSNT_2722 ,  220222 138154 170182 270278 134164 248248 209241 324336 193229 115177 193193 199227
OtsAC17NSNT_2723 ,  206220 138154 210222 242262 138180 240266 229265 316320 205233 137153 177193 201237
OtsAC17NSNT_2724 ,  222228 138156 210230 238274 146152 222262 205229 324336 213225 115155 165177 201237
OtsAC17NSNT_2725 ,  220222 134154 198234 242270 164168 236266 237249 188316 275275 137137 177193 205207
OtsAC17NSNT_2726 ,  210236 154154 190234 270278 164184 242256 181237 272312 205273 157235 177193 199237
OtsAC17NSNT_2727 ,  206228 134154 222238 258282 146152 236282 233277 272394 189279 119227 165193 201233
OtsAC17NSNT_2728 ,  220222 154154 186230 266286 134168 214266 181237 316336 209209 187227 193197 199207
OtsAC17NSNT_2729 ,  206220 138154 202234 286286 138142 222286 233237 292300 181233 181253 165177 201227
OtsAC17NSNT_2730 ,  220220 138166 186234 242274 138164 214234 205273 336336 193221 177193 177189 199233
OtsAC17NSNT_2731 ,  222228 138154 230230 238242 146164 238254 181229 188272 205233 133173 189217 199227
OtsAC17NSNT_2732 ,  220228 154162 186202 242262 142168 222266 177217 316336 201225 137161 189193 201237
OtsAC17NSNT_2733 ,  212236 156160 218234 200242 164164 172230 181261 316414 193221 181193 177193 199201
OtsAC17NSNT_2734 ,  220220 138154 222234 270282 164172 222246 225257 236336 233237 115193 165189 197199
OtsAC17NSNT_2736 ,  206222 138154 230230 242258 138142 240266 205205 284348 205237 177219 189193 207233
OtsAC17NSNT_2737 ,  220220 138154 186222 250266 142164 250270 193229 316340 205225 137189 177177 193233
OtsAC17NSNT_2738 ,  222226 156162 170230 226250 134152 244250 233277 296340 229287 159235 193217 203233
OtsAC17NSNT_2739 ,  220220 138154 190202 200242 142168 266282 213257 324336 193291 181181 189193 203205
OtsAC17NSNT_2740 ,  220222 138154 170186 278278 142168 250270 213237 184380 205205 227233 165189 199233
OtsAC17NSNT_2741 ,  206236 138154 170218 242282 142164 172172 217277 316348 193229 137141 177177 203237
OtsAC17NSNT_2742 ,  220222 138138 210210 242266 152164 214270 233253 188316 197233 149215 165177 201227
OtsAC17NSNT_2743 ,  222224 154154 174222 266290 138184 214242 181237 312332 213225 177223 161197 199201
OtsAC17NSNT_2744 ,  220236 134138 222234 234242 156180 206250 213249 280422 193291 177235 177193 199201
OtsAC17NSNT_2745 ,  206220 154156 198234 238258 134164 246270 237241 280316 205237 161247 165197 201205
OtsAC17NSNT_2746 ,  206212 138138 194222 200242 164208 206266 177245 184320 221283 167191 161189 201229
OtsAC17NSNT_2747 ,  206220 138154 190190 200270 138184 242266 237249 312380 237291 115235 165193 199199
OtsAC17NSNT_2748 ,  228236 138154 202222 242262 134168 248286 209237 344392 193275 177231 177189 203207
OtsAC17NSNT_2749 ,  222236 134154 222230 250258 142172 244266 177213 320336 229291 181235 165177 199201
OtsAC17NSNT_2750 ,  222228 154154 198222 242258 168168 250250 181181 308316 205237 115157 177189 193199
OtsAC17NSNT_2751 ,  220220 138154 190226 262270 168184 234242 177177 336348 237287 115115 165217 199233
OtsAC17NSNT_2752 ,  206222 134138 170218 238278 152160 262286 225245 332360 193233 115193 189189 193199
OtsAC17NSNT_2753 ,  220220 138138 218234 270278 152164 222262 217237 312344 213287 241253 177177 197237
OtsAC17NSNT_2754 ,  212220 134154 230234 258262 152184 234252 177181 288340 193205 191227 177197 201203
OtsAC17NSNT_2755 ,  226228 154160 222226 274282 160168 214262 173173 280406 193221 137193 193217 237237
OtsAC17NSNT_2756 ,  206222 138160 234234 242278 142142 246254 177261 336352 209233 165227 189193 199199
OtsAC17NSNT_2757 ,  220236 138154 170230 242282 146168 234256 225237 184336 205209 135137 189189 201221
OtsAC17NSNT_2758 ,  218236 158164 182218 234242 142152 206250 229241 312348 233291 237239 177193 201201
OtsAC17NSNT_2759 ,  222236 134134 194230 250282 134168 270282 237237 280352 229283 215251 177193 199233
OtsAC17NSNT_2760 ,  222236 138138 198218 254270 142164 250274 185229 240308 197233 115161 177217 227233
OtsAC17NSNT_2761 ,  222224 138158 218222 238254 134142 242250 225285 236348 205225 191219 177197 199233
OtsAC17NSNT_2762 ,  220236 134138 182194 250258 146168 222270 237249 312340 221283 115133 177193 199201
OtsAC17NSNT_2763 ,  212228 134154 186230 282286 164172 248270 217229 328344 205205 191197 165193 227227
OtsAC17NSNT_2764 ,  218220 154156 198234 238242 168184 246282 261269 316352 237275 161247 165177 193199
OtsAC17NSNT_2766 ,  220222 138138 202206 246258 138138 270270 233277 236308 205213 181181 193193 193233
OtsAC17NSNT_2767 ,  220222 160160 186230 254254 146152 250288 261297 268308 229237 177269 197217 201221
OtsAC17NSNT_2768 ,  212222 134154 214234 262270 142142 222262 229237 188348 225291 181219 177189 193233
OtsAC17NSNT_2769 ,  206228 134138 222226 200266 134152 250266 229269 324324 275291 191207 189197 193219
OtsAC17NSNT_2770 ,  220236 134156 194226 218250 160168 234270 261281 236316 213225 137165 165217 199221
OtsAC17NSNT_2771 ,  222236 134138 222230 238242 138142 210226 237261 340392 221233 137161 177189 199233
OtsAC17NSNT_2772 ,  228236 134138 194222 250278 160172 270288 221229 312394 229283 207235 165177 199233
OtsAC17NSNT_2773 ,  212220 138158 190198 234270 138180 206250 177229 244328 221229 137191 193197 199233
OtsAC17NSNT_2774 ,  220228 154154 194218 242278 134142 234240 213217 328356 205233 137177 177177 199237
OtsAC17NSNT_2775 ,  206228 138154 230234 238242 152152 242250 237265 292406 273279 181189 177193 201233
OtsAC17NSNT_2776 ,  212228 138154 194218 286290 134134 240288 181209 320336 205205 161177 193193 193201
OtsAC17NSNT_2777 ,  206236 138156 198218 258290 134146 234282 233245 280414 213221 115193 177177 201227
OtsAC17NSNT_2778 ,  220222 138154 206222 246302 142208 210270 217261 328332 213283 139189 177177 199201
OtsAC17NSNT_2779 ,  212220 134138 198222 234270 164204 246248 185225 312324 193205 115191 165177 201233
OtsAC17NSNT_2780 ,  220222 134154 206230 222270 142160 222242 233293 332348 197221 181219 177189 199227
OtsAC17NSNT_2781 ,  220222 134160 222222 242270 164176 236238 261273 316328 209275 137181 177189 205207
OtsAC17NSNT_2782 ,  214220 138154 222226 200270 134164 206266 201225 276340 221233 161161 177177 201203
OtsAC17NSNT_2783 ,  210220 138154 218222 242258 142184 246252 229237 316332 205213 161227 193197 199227
OtsAC17NSNT_2784 ,  218220 154154 222234 242286 134142 214262 233269 304414 205233 177193 193193 199205
OtsAC17NSNT_2785 ,  220222 134160 198234 242270 176184 238270 249273 316328 209237 133137 177189 205227
OtsAC17NSNT_2786 ,  214222 154154 198234 200238 142164 206258 233237 188356 233283 135161 161177 227233
OtsAC17NSNT_2787 ,  220220 138138 222222 234242 146160 206282 241261 284352 229295 135253 189197 201201
OtsAC17NSNT_2788 ,  206220 134138 202234 218270 164164 250256 249261 308336 213275 115247 189197 201207
OtsAC17NSNT_2789 ,  220228 134138 190226 242270 164168 250254 229241 308324 221273 119231 189197 237237
OtsAC17NSNT_2790 ,  220222 134134 186230 254282 138142 282282 181297 324324 225275 115135 165197 193201
OtsAC17NSNT_2791 ,  220220 138154 202234 254270 164164 248262 213225 280336 205213 177253 165177 199203
OtsAC17NSNT_2792 ,  228236 138138 202226 242258 146164 182242 181217 252296 205291 165195 161177 199199
OtsAC17NSNT_2793 ,  220222 138138 190222 238278 142152 244270 229241 252316 221221 181207 177177 193201
OtsAC17NSNT_2794 ,  206222 154154 230238 234270 142152 222222 229249 252300 205237 161161 165189 199237
OtsAC17NSNT_2795 ,  228236 138138 230230 258278 142142 250286 213237 308312 193221 115161 177217 199201
OtsAC17NSNT_2796 ,  220220 138154 222230 250266 164164 222262 217237 344380 213287 181253 177193 199237
OtsAC17NSNT_2797 ,  218220 138162 170230 242270 160164 222250 225245 356356 221233 201235 189193 205227
OtsAC17NSNT_2798 ,  220222 138138 226230 262290 142146 222254 205289 284324 205205 153177 193193 221233
OtsAC17NSNT_2799 ,  220222 154154 170218 270274 142168 210258 205241 312356 197291 119191 177193 199205
OtsAC17NSNT_2800 ,  212220 138154 190218 286294 142164 214230 209213 296336 213233 177203 193193 193199
OtsAC17NSNT_2801 ,  212222 138154 194222 242242 164208 206254 217237 312328 205283 115189 177177 199201
OtsAC17NSNT_2802 ,  206222 138160 202230 242258 160164 230282 233241 328340 205205 115119 177189 205237
OtsAC17NSNT_2803 ,  220228 134154 222238 258282 134172 266266 249277 328332 189279 137161 177217 201233
OtsAC17NSNT_2804 ,  222236 138162 202226 210242 152164 222266 213257 324328 205233 165191 189197 205219
OtsAC17NSNT_2805 ,  220222 138158 202230 254266 146184 244250 237241 184336 237237 189201 177189 193221
OtsAC17NSNT_2806 ,  220220 134138 170230 242278 142168 230246 177249 336336 225233 193241 165193 193199
OtsAC17NSNT_2807 ,  220236 154156 230238 242270 168172 254256 177229 284324 233233 115191 165177 201221
OtsAC17NSNT_2808 ,  220220 134162 194222 234262 152164 244266 177277 244332 205205 163197 177193 201227
OtsAC17NSNT_2809 ,  206228 138154 190230 200262 142184 250254 229269 264394 213233 115191 177193 219219
OtsAC17NSNT_2810 ,  228228 134154 222230 200274 138216 258282 237257 340344 197229 115189 165165 193227
OtsAC17NSNT_2811 ,  222228 138154 210214 266270 138146 258286 205233 336380 225233 115191 177177 203233
OtsAC17NSNT_2812 ,  220222 154154 222222 238270 146164 234266 237257 288352 205233 155161 189197 199221
OtsAC17NSNT_2813 ,  220222 134154 206222 278290 146168 206218 225237 184336 233233 191197 189193 201237
OtsAC17NSNT_2814 ,  222236 134138 186230 200218 142156 242278 233237 312340 197221 115115 189197 199233
OtsAC17NSNT_2815 ,  220222 154154 186194 200290 164172 222250 237257 188308 233233 161227 165197 207227
OtsAC17NSNT_2816 ,  220236 154156 210222 266266 138168 218234 185257 308332 233283 185247 165197 227233
OtsAC17NSNT_2817 ,  206228 138154 198230 242266 138142 262288 209269 344348 205221 115195 165177 201207
OtsAC17NSNT_2818 ,  222222 138160 194218 242270 142152 222270 225229 272344 201233 177191 177177 221227
OtsAC17NSNT_2819 ,  220228 138154 222230 262270 164168 172266 221233 188316 205237 219235 177177 193201
OtsAC17NSNT_2820 ,  220220 134138 190198 242282 164168 254266 229229 252324 233279 119235 189197 219237
OtsAC17NSNT_2821 ,  212222 160166 230230 242278 142152 250250 213237 284376 205229 233235 177189 207219
OtsAC17NSNT_2822 ,  216220 138154 178230 242270 142180 172218 269273 316372 193229 189219 177189 199207
OtsAC17NSNT_2823 ,  218222 138158 218222 242282 134152 242244 209285 188296 205225 187191 193197 199205
OtsAC17NSNT_2824 ,  220236 154156 210218 200254 142164 172252 257257 308316 205213 185247 177197 227227
OtsAC17NSNT_2825 ,  206220 138138 190238 234282 146164 222256 217241 188352 189275 135201 177177 193233
OtsAC17NSNT_2826 ,  228228 138154 194230 242262 142164 238240 185225 308316 193209 219235 177193 193201
OtsAC17NSNT_2827 ,  206228 154162 218222 000000 138152 000000 205257 288352 205209 115155 193197 205227
OtsAC17NSNT_2828 ,  220236 138160 190226 262270 146164 254266 229289 188356 205229 137153 177193 221237
OtsAC17NSNT_2829 ,  220220 138154 230230 200242 142146 252262 221229 188280 205229 181189 161165 199233
OtsAC17NSNT_2830 ,  220220 134154 178182 242262 152184 262266 245257 344348 193233 135177 165189 199233
OtsAC17NSNT_2831 ,  220220 138154 190222 200246 152168 242266 225261 308316 205233 161193 189193 201201
OtsAC17NSNT_2832 ,  214228 138154 186190 234282 146146 242250 177205 316336 205221 181235 193197 233233
OtsAC17NSNT_2833 ,  220222 154154 178186 238242 164164 250270 205261 244308 237245 177205 177189 227233
OtsAC17NSNT_2834 ,  206220 154154 222234 270282 172172 222242 225233 236320 193237 137191 165177 193197
OtsAC17NSNT_2835 ,  220222 138154 202230 238270 138152 172240 233265 240316 237279 119153 177193 221237
OtsAC17NSNT_2836 ,  212220 134158 194226 278282 142152 282286 177217 344406 205229 177177 189189 203211
OtsAC17NSNT_2837 ,  220222 156160 230234 218270 146168 262266 217237 308352 213229 173181 177189 199199
OtsAC17NSNT_2838 ,  206220 138162 226234 238286 138152 256270 209257 324340 213233 115181 193193 201237
OtsAC17NSNT_2839 ,  236236 154156 190230 218270 138146 172222 205257 289348 233291 115245 177193 199199
OtsAC17NSNT_2840 ,  220236 138160 206214 242242 138164 250266 181229 184324 205233 115181 165193 201221
OtsAC17NSNT_2841 ,  206220 154154 222230 250270 152164 260278 181261 252308 205221 177181 177189 199227
OtsAC17NSNT_2842 ,  220236 154160 202230 200270 142152 222286 177221 284340 229229 219235 177189 207219
OtsAC17NSNT_2843 ,  220228 154160 230234 000000 134160 218250 225229 292406 229275 000000 165177 000000
OtsAC17NSNT_2844 ,  212222 138154 230234 242258 138138 210250 257273 316316 287287 161163 189193 201233
OtsAC17NSNT_2845 ,  222236 134138 222230 246286 134142 250282 217261 316414 205213 161193 165177 199237
OtsAC17NSNT_2846 ,  206228 138154 222226 218270 160160 222248 217237 252336 233233 137181 177193 199237
OtsAC17NSNT_2847 ,  206220 138154 190230 242270 164180 222262 273273 344426 213233 181189 177189 199199
OtsAC17NSNT_2848 ,  220220 134138 170202 270274 142152 214214 229257 296392 221229 177197 165189 203237
OtsAC17NSNT_2849 ,  206220 138154 170214 258278 134164 270288 177233 280328 205221 191249 177193 193237
OtsAC17NSNT_2850 ,  206210 154160 190190 242270 138164 254282 233253 316380 189291 195235 165177 193227
OtsAC17NSNT_2851 ,  222236 160160 210230 218242 142164 236250 241257 184312 233237 115269 165177 201227
OtsAC17NSNT_2852 ,  228236 138154 218226 278290 152168 222242 241261 304344 197291 177181 189197 199233
OtsAC17NSNT_2853 ,  222228 154154 000000 270270 156164 244244 177217 188324 205229 189227 165177 221233
OtsAC17NSNT_2854 ,  206222 154154 218230 218286 152168 250250 205233 316336 221233 177237 177193 193199
OtsAC17NSNT_2855 ,  220222 138154 218230 242242 138142 248270 209209 272336 209221 191191 177193 199237
OtsAC17NSNT_2856 ,  206220 138154 218226 238250 152172 250288 237241 188388 193205 137193 177177 193199
OtsAC17NSNT_2857 ,  224236 154154 198214 250290 134152 206250 209233 336388 221233 115161 177197 219237
OtsAC17NSNT_2858 ,  220220 138138 170218 242266 146168 246248 229257 188344 225229 201231 177189 201221
OtsAC17NSNT_2859 ,  206220 154154 198230 258270 152164 266278 181245 316316 193237 177193 177189 193199
OtsAC17NSNT_2860 ,  220220 138138 218230 270278 152164 222262 217225 312344 213287 241253 189193 197237
OtsAC17NSNT_2861 ,  206206 138138 222222 266290 142146 250266 205285 240248 237287 191227 197217 199221
OtsAC17NSNT_2862 ,  214228 138156 194230 218278 142152 250266 257261 236308 221225 137181 165189 199237
OtsAC17NSNT_2863 ,  220222 138138 230238 242282 172180 222262 177273 188296 213237 181181 177197 199199
OtsAC17NSNT_2864 ,  222228 154160 178226 234242 146172 246262 225277 312356 205291 115137 189213 199221
OtsAC17NSNT_2865 ,  228236 138154 194198 258278 156168 250254 237237 268272 193237 197207 177177 201205
OtsAC17NSNT_2866 ,  216220 154154 190222 238262 138146 240266 225277 316356 205291 137153 177193 221237
OtsAC17NSNT_2867 ,  220220 134138 186190 242282 138168 206288 213237 280348 237291 181235 177177 199233
OtsAC17NSNT_2868 ,  220222 134154 202230 238270 142142 172250 181217 312344 205213 191193 177189 203205
OtsAC17NSNT_2869 ,  220228 138138 170230 238258 152164 230246 205209 312376 229233 153185 193193 201237
OtsAC17NSNT_2870 ,  206214 138154 222234 200266 152152 244254 253265 272320 193263 191233 193221 193207
OtsAC17NSNT_2871 ,  220220 154154 198230 262278 156164 218270 225233 320344 233233 181193 165189 199227
OtsAC17NSNT_2872 ,  222222 134154 182222 246286 134142 254286 177241 316414 205213 161235 165177 199237
OtsAC17NSNT_2873 ,  220222 134160 202214 246250 142168 244282 237237 184284 233237 161189 177189 205207
OtsAC17NSNT_2874 ,  236236 134166 194230 200270 142168 266282 237237 340340 205283 115115 193193 199237
OtsAC17NSNT_2875 ,  220224 154160 182234 242294 160168 254282 177257 284324 233233 115137 177193 201237
OtsAC17NSNT_2876 ,  218222 154160 198206 242262 142168 250258 213233 340406 209209 153161 189193 201205
OtsAC17NSNT_2877 ,  206236 138154 202226 238262 184184 172234 249257 188308 205225 115115 165189 205207
OtsAC17NSNT_2878 ,  206220 138154 198234 238258 164184 242246 177213 336340 225233 135165 189193 221237
OtsAC17NSNT_2879 ,  220220 138154 190218 218262 152168 242254 177229 308344 193237 115139 193193 233233
OtsAC17NSNT_2880 ,  212220 138138 190222 234242 138142 246250 181229 236324 205209 177253 165189 221233
OtsAC17NSNT_2881 ,  220222 138138 202226 218270 168168 254254 177217 244344 221237 139153 165165 197201
OtsAC17NSNT_2882 ,  228236 154162 202214 270286 138164 244262 237245 332356 229283 161229 193213 201233
OtsAC17NSNT_2883 ,  218228 138162 170234 242270 164164 222250 237257 344344 197275 119197 165189 227237
OtsAC17NSNT_2884 ,  228236 138154 198230 242274 152152 262262 229233 340344 237299 133165 177189 201237
OtsAC17NSNT_2885 ,  214222 134154 222230 250270 142160 222226 209209 300406 205287 193197 161193 201201
OtsAC17NSNT_2886 ,  220222 138154 194238 258262 134152 236244 237257 288344 193205 227235 165177 205233
OtsAC17NSNT_2887 ,  220220 138160 194234 250278 134134 250250 225277 316348 225237 181231 177193 199233
OtsAC17NSNT_2888 ,  206210 138154 222238 234242 172184 270274 205233 316332 193205 115235 177193 219227
OtsAC17NSNT_2889 ,  220220 154154 194230 234242 146152 242256 177265 236320 213213 135187 189189 233237
OtsAC17NSNT_2890 ,  220222 138154 222230 258294 134164 222270 205257 188348 221233 201253 193201 199201
OtsAC17NSNT_2891 ,  206224 154154 230230 242258 152164 242262 237261 244324 229233 189197 177189 199237
OtsAC17NSNT_2892 ,  228236 138160 182222 242258 160168 234270 205205 288316 205229 161235 165177 193201
OtsAC17NSNT_2893 ,  220228 154160 186226 242250 142168 222254 209217 336344 205209 161229 165193 201237
OtsAC17NSNT_2894 ,  218220 138166 222226 242258 134212 262286 237301 308348 213233 115235 189193 199205
OtsAC17NSNT_2895 ,  224228 138154 222230 234262 138142 234246 217261 332340 209221 137181 177193 237237
OtsAC17NSNT_2896 ,  228228 154154 186186 250258 142164 206250 177229 340348 205221 173191 193193 205237
OtsAC17NSNT_2897 ,  224236 154154 186230 200218 142146 242278 225237 312394 221229 115191 177197 199233
OtsAC17NSNT_2898 ,  220236 154156 190218 266266 138168 172218 241257 316332 205283 185227 161165 227233
OtsAC17NSNT_2899 ,  220236 154154 170230 258290 142142 250286 237237 284304 229291 177235 177193 219237
OtsAC17NSNT_2900 ,  206222 154154 194222 242278 142152 214250 205217 328336 201225 161235 177189 199201
OtsAC17NSNT_2901 ,  220236 134154 190222 254266 138164 234252 241257 308316 233283 185247 177197 227233
OtsAC17NSNT_2902 ,  220222 138138 186190 000000 142172 240292 233241 336344 193205 115169 177177 219221
OtsAC17NSNT_2903 ,  206222 142154 190218 266270 142160 244282 209233 336340 221221 161191 177193 193201
OtsAC17NSNT_2904 ,  206220 138156 226230 200242 152164 266274 181253 320356 213291 181197 177193 199201
OtsAC17NSNT_2905 ,  206220 134138 190230 234270 138156 242256 253261 312352 213291 135235 177189 199233
OtsAC17NSNT_2906 ,  220220 154158 194206 262262 164184 244246 249265 308356 205263 161197 193197 201227
OtsAC17NSNT_2907 ,  218222 154154 222234 238242 142146 234250 217257 316352 205237 193207 177177 227237
OtsAC17NSNT_2908 ,  220220 138154 182230 270290 142142 262286 177245 316340 205283 161193 177177 199237
OtsAC17NSNT_2909 ,  206220 134154 190202 242262 142184 254266 237253 312312 237291 115137 161165 193199
OtsAC17NSNT_2910 ,  206220 138154 190202 250290 164184 244266 225277 188340 197237 115157 177177 201201
OtsAC17NSNT_2911 ,  220220 138138 194198 266274 142152 266286 205229 296336 209221 165181 189189 199233
OtsAC17NSNT_2912 ,  220224 154154 222230 258282 160164 266286 217229 316348 205233 189191 177189 201237
OtsAC17NSNT_2913 ,  220222 138154 202202 242270 146172 248266 209217 244324 233241 115153 165193 199233
OtsAC17NSNT_2914 ,  220222 138166 194226 278278 134160 254262 181225 244336 205273 119181 193193 199237
OtsAC17NSNT_2915 ,  212228 154156 190214 274278 138138 234234 181249 236340 205287 161191 177177 183201
OtsAC17NSNT_2916 ,  222222 154162 186226 242254 134142 240254 181217 328336 213283 187235 189193 201237
OtsAC17NSNT_2917 ,  206228 154166 186218 258282 152172 236282 249277 328332 205233 119137 177217 201233
OtsAC17NSNT_2918 ,  216220 134154 230234 250250 134164 218274 181229 256316 237237 137197 161177 201237
OtsAC17NSNT_2919 ,  220228 138138 178202 258258 168168 250270 213229 304320 193193 161195 177177 207219
OtsAC17NSNT_2920 ,  220220 154160 194210 238266 164164 262282 225249 312406 205205 161235 165177 201201
OtsAC17NSNT_2921 ,  220228 138154 198218 286290 138138 244250 205241 288352 205233 181191 177193 199203
OtsAC17NSNT_2922 ,  220222 138138 218230 262278 142152 250252 209233 296348 205221 191197 189189 199203
OtsAC17NSNT_2923 ,  218218 138138 194214 242290 138142 266274 205217 288320 233283 177189 165197 199237
OtsAC17NSNT_2924 ,  220228 138138 170186 238266 134172 222246 225257 236308 213237 161237 165193 197201
OtsAC17NSNT_2925 ,  220236 138138 194234 250262 164184 222242 261261 280352 205275 161165 177189 201233
OtsAC17NSNT_2926 ,  228228 134160 230230 242246 160160 240256 229233 332380 225237 119181 177193 199203
OtsAC17NSNT_2927 ,  222228 134134 230230 242282 134184 248250 217257 316332 205205 181187 189193 199201
OtsAC17NSNT_2928 ,  206220 138138 214222 218278 164184 222262 217249 256352 233233 161201 177189 199221
OtsAC17NSNT_2929 ,  206218 134138 218222 238242 142142 248250 209285 188236 205233 137187 193197 199233
OtsAC17NSNT_2930 ,  236240 134138 182198 258258 142160 246286 209241 332344 197209 115133 177193 207233
OtsAC17NSNT_2931 ,  210220 154154 190230 234242 156184 242250 237265 236312 189291 135137 177177 199233
OtsAC17NSNT_2932 ,  212228 138154 202222 258270 134164 234262 261277 316328 197275 165177 193213 201227
OtsAC17NSNT_2933 ,  228236 138154 182230 246282 134160 250266 233241 394410 221237 137227 177177 193203
OtsAC17NSNT_2934 ,  220220 138138 202222 246262 164168 206222 217257 320328 189205 189191 189189 199201
OtsAC17NSNT_2935 ,  218220 134156 198234 238242 164168 246270 241269 280316 237275 191247 177189 201205
OtsAC17NSNT_2936 ,  220222 138138 190230 242270 134142 266282 233273 336352 189213 137161 177189 201227
OtsAC17NSNT_2937 ,  220222 134154 198202 234266 164164 222278 177241 316332 275279 161191 165189 199233
OtsAC17NSNT_2938 ,  212222 138154 230230 242246 164164 206248 233245 320328 189205 115167 177189 199201
OtsAC17NSNT_2939 ,  222228 138158 198226 242274 146152 248266 185205 340348 193229 153193 177189 193199
OtsAC17NSNT_2940 ,  206220 154154 218230 238270 134142 258288 205241 356406 229291 137191 165177 199201
OtsAC17NSNT_2941 ,  220220 138154 218226 278286 160168 246248 209277 312320 275291 197227 177193 197227
OtsAC17NSNT_2942 ,  220220 138154 198230 246262 142208 206240 217221 188328 189229 177189 177177 201237
OtsAC17NSNT_2943 ,  220220 138160 170194 242254 134200 238262 181257 272348 213237 119219 177177 203227
OtsAC17NSNT_2944 ,  214222 138154 190230 258282 138168 244248 225297 312340 205213 115189 165193 193205
OtsAC17NSNT_2945 ,  220222 154160 170190 238242 142164 242250 177249 340340 197201 115177 177197 199233
OtsAC17NSNT_2946 ,  220228 138154 194234 234258 164168 250250 221273 332332 201225 181227 177193 227237
OtsAC17NSNT_2947 ,  220222 154160 198230 242278 142152 250250 217245 320336 213221 233269 177193 201219
OtsAC17NSNT_2948 ,  218220 154156 194198 250258 164168 222282 261269 292352 237275 191247 189197 193201
OtsAC17NSNT_2949 ,  228228 134154 190230 250270 134164 250256 249273 280308 205279 187231 165177 199237
OtsAC17NSNT_2950 ,  220228 138154 190218 218262 138168 214250 225241 316356 193229 137181 177193 201203
OtsAC17NSNT_2951 ,  216222 154154 214230 200218 138146 270282 177273 336392 213221 205235 189189 201201
OtsAC17NSNT_2952 ,  222222 154154 202202 200254 152164 234252 233237 280316 205229 177235 177177 219233
OtsAC17NSNT_2953 ,  206220 154156 222230 242250 152164 260278 245273 252316 193205 137193 177177 193199
OtsAC17NSNT_2954 ,  222236 154162 182222 254282 138172 210248 201233 316332 205267 115185 177189 201203
OtsAC17NSNT_2955 ,  218222 154154 202222 258290 142142 234286 217237 316352 205237 193235 177189 219237
OtsAC17NSNT_2956 ,  220228 154154 170222 238270 138168 242262 229237 316406 205213 119219 165177 203237
OtsAC17NSNT_2957 ,  220236 134160 186202 250294 138168 230250 181261 188392 221229 115161 189217 201201
OtsAC17NSNT_2958 ,  228236 138154 218218 270274 134142 252282 209237 240356 205205 191229 177193 199233
OtsAC17NSNT_2959 ,  222222 134138 222234 200242 142152 242246 185241 324336 193233 161189 193193 227233
OtsAC17NSNT_2960 ,  206228 138154 194230 200262 134142 206270 229269 184284 221233 115201 161197 199219
OtsAC17NSNT_2961 ,  228236 134160 198218 254266 134138 266270 205241 316332 201233 137253 177197 199201
OtsAC17NSNT_2962 ,  222228 138138 186218 242290 164164 262266 241253 272320 205237 227231 189217 199201
OtsAC17NSNT_2963 ,  228236 138154 186218 254258 152184 250270 181225 236348 205205 137161 177193 199201
OtsAC17NSNT_2964 ,  210228 154160 170198 266274 138164 226254 229229 308352 201205 115137 177193 199233
OtsAC17NSNT_2965 ,  206220 138154 186222 250278 146176 242244 233253 244348 193233 181191 193197 205205
OtsAC17NSNT_2966 ,  222222 138154 218226 246254 134138 248248 233241 344352 193213 137177 177193 199199
OtsAC17NSNT_2967 ,  222228 154154 174222 242266 142168 236274 233237 332372 197237 115115 161193 199227
OtsAC17NSNT_2968 ,  220222 138154 218226 242270 138164 234248 213217 280352 205233 177235 177193 199199
OtsAC17NSNT_2969 ,  220222 138160 198230 242242 142164 266282 217229 336340 213233 137161 177193 201227
OtsAC17NSNT_2970 ,  222222 154160 194218 234242 142142 222270 213237 252324 201233 181233 165177 221227
OtsAC17NSNT_2971 ,  228236 138138 190222 238282 142152 236242 181205 296308 193237 191205 189189 199233
OtsAC17NSNT_2972 ,  206220 134138 190202 200242 138184 242266 237237 312380 237291 231235 165193 199199
OtsAC17NSNT_2974 ,  210220 134160 194206 246286 152152 266288 249261 184188 201233 169181 177177 199199
OtsAC17NSNT_2975 ,  220220 154154 222230 278278 142146 222248 241261 324406 233237 115247 189189 199201
OtsAC17NSNT_2976 ,  224236 134138 202226 238278 142142 234244 221261 316344 221229 157181 165177 201233
OtsAC17NSNT_2977 ,  206222 138160 198222 258278 142142 250286 177245 336360 225233 115193 177189 193207
OtsAC17NSNT_2978 ,  220222 138154 230230 258270 134168 242244 177181 288328 193233 181253 165193 201237
OtsAC17NSNT_2979 ,  206218 154154 194234 242250 134184 246282 241269 292352 275283 161191 189197 201205
OtsAC17NSNT_2980 ,  222236 138138 226234 262278 146176 266270 177241 336348 275275 191227 177193 193199
OtsAC17NSNT_2981 ,  222236 154154 230230 218286 142152 246282 225261 316352 201263 235253 177189 199227
OtsAC17NSNT_2982 ,  206206 154154 234234 238258 134164 246282 237261 316352 205237 191247 165177 193201
OtsAC17NSNT_2983 ,  220228 154154 230234 242286 142142 214262 241269 304356 193229 177229 193217 199205
OtsAC17NSNT_2984 ,  220228 134138 162222 200242 138164 234266 217237 332340 201279 219241 197213 199207
OtsAC17NSNT_2985 ,  220220 154154 182230 258278 138146 248262 209225 344406 197233 115247 177189 199199
OtsAC17NSNT_2986 ,  218220 154154 198202 266278 138184 226254 217225 320348 201213 181221 177217 199201
OtsAC17NSNT_2987 ,  222228 154154 186234 226258 134152 238250 221229 332340 213221 115193 177193 201237
OtsAC17NSNT_2988 ,  220236 154156 230234 262286 152168 254256 229257 280284 233233 115181 165193 221237
OtsAC17NSNT_2989 ,  210220 138154 190230 242278 142164 282286 177213 292312 237273 161161 177193 227237
OtsAC17NSNT_2990 ,  228236 154162 190226 270274 138160 206286 237257 316340 233237 161177 177193 193233
OtsAC17NSNT_2991 ,  220222 154154 198230 258270 152164 244260 261273 316316 205221 137181 177177 193199
OtsAC17NSNT_2992 ,  222236 138162 186230 238238 134164 222266 205257 316336 213263 155165 165177 201237
OtsAC17NSNT_2993 ,  206220 154154 234234 238258 168184 222282 261269 280316 205237 161161 165177 199205
OtsAC17NSNT_2994 ,  220222 154160 230238 238310 164164 246250 177205 248344 193213 115219 165177 201201
OtsAC17NSNT_2995 ,  206222 138160 230234 242270 134142 206262 225241 296300 221279 115193 189197 203221
OtsAC17NSNT_2996 ,  228228 154160 226230 242266 138152 238266 213229 320320 205205 189235 165193 205227
OtsAC17NSNT_2997 ,  220222 154154 202226 266274 138164 226254 217225 288324 205213 213247 177193 201221
OtsAC17NSNT_2998 ,  212220 138160 194210 200286 134152 250266 177233 312344 221275 159201 177197 229233
OtsAC17NSNT_2999 ,  206212 138138 198238 254278 142164 242250 213249 272316 205237 115165 177193 205233
OtsAC17NSNT_3000 ,  212220 154154 194230 242282 168176 230262 177225 188264 193213 161197 177193 199237
OtsAC17NSNT_3001 ,  220228 138138 190222 254258 134152 252254 177181 340406 193237 119161 177177 201203
OtsAC17NSNT_3002 ,  220236 134154 190218 200266 142168 172218 257257 308332 205283 181247 177197 227233
OtsAC17NSNT_3003 ,  228236 154154 190222 250254 142164 242250 213261 272308 221237 115191 193197 199233
OtsAC17NSNT_3004 ,  206218 134138 186198 262262 164176 250254 233237 308352 197221 181183 177217 199221
OtsAC17NSNT_3005 ,  206206 134156 234234 250258 164168 246270 241269 280316 237275 161247 165177 199205
OtsAC17NSNT_3006 ,  220220 138164 186222 242242 142152 222222 229229 244316 205287 187191 177177 219233
OtsAC17NSNT_3007 ,  206210 138154 198238 262278 152152 206288 209229 188240 237283 115169 177193 201233
OtsAC17NSNT_3008 ,  220236 138138 178186 242270 164168 250282 237253 292308 213237 191215 189189 201233
OtsAC17NSNT_3009 ,  220236 134138 202230 200270 138142 250288 265269 336380 197229 193233 189213 199237
OtsAC17NSNT_3010 ,  228236 138138 178222 238250 152164 250254 213261 272308 221237 115191 193197 193233
OtsAC17NSNT_3011 ,  206222 134138 202202 242258 152152 250250 229237 240332 189237 169205 177197 219219
OtsAC17NSNT_3012 ,  212236 138154 186198 242254 160184 242266 181269 296336 205291 177181 177189 221237
OtsAC17NSNT_3013 ,  228228 154154 202222 258270 134142 230262 237261 336340 197275 165177 181193 199227
OtsAC17NSNT_3014 ,  206228 134154 210218 200250 160184 250282 177237 308340 205237 181187 165177 199203
OtsAC17NSNT_3015 ,  220228 134154 222222 250278 160172 270288 205269 312348 193229 137235 165177 199233
OtsAC17NSNT_3016 ,  212222 138154 226234 242282 146168 234256 209225 184336 205221 137219 177189 201221
OtsAC17NSNT_3017 ,  206222 154158 222234 258266 146168 240256 233241 336376 197237 161165 177177 201237
OtsAC17NSNT_3018 ,  214236 154154 190234 226250 152160 244244 225253 300312 237291 189219 193193 193233
OtsAC17NSNT_3019 ,  220222 138160 194230 242290 138152 240250 205213 284336 205237 193219 189193 219221
OtsAC17NSNT_3020 ,  220228 138154 190230 258278 138152 214218 213213 280332 193205 115189 177213 205233
OtsAC17NSNT_3021 ,  220222 138154 202206 262266 138164 222244 209265 332356 221275 153161 189197 199221
OtsAC17NSNT_3022 ,  206236 138154 222230 200270 168168 240266 205233 316352 229229 137235 177177 193237
OtsAC17NSNT_3023 ,  220220 138154 214214 242270 160160 218278 197209 320336 205213 227229 177193 201233
OtsAC17NSNT_3024 ,  220222 138160 218226 218282 142168 254254 177217 336348 205275 115161 165189 233237
OtsAC17NSNT_3025 ,  220222 138154 166222 200278 138208 244244 225233 316332 221275 153219 165189 203233
OtsAC17NSNT_3026 ,  206220 134154 182186 242294 164168 206270 241257 316352 221287 137181 177193 207233
OtsAC17NSNT_3027 ,  220228 156160 170222 262270 152172 234254 205237 348348 205221 161165 165177 201233
OtsAC17NSNT_3028 ,  216220 134154 198230 234270 142156 254278 217261 312340 205237 119137 177189 201237
OtsAC17NSNT_3029 ,  220220 138156 170194 200258 134138 222288 233277 332344 205213 161177 177193 221237
OtsAC17NSNT_3030 ,  220220 138162 222230 238274 152164 246258 241281 316340 193221 201231 177177 199221
OtsAC17NSNT_3031 ,  210220 138154 170198 234258 138164 226254 241265 308328 201205 137177 177177 199199
OtsAC17NSNT_3032 ,  216220 154158 194230 254270 146152 256282 205225 256316 205283 115235 189217 199199
OtsAC17NSNT_3033 ,  206218 134156 194198 238242 164168 222282 237241 280292 205283 161191 177189 193201
OtsAC17NSNT_3034 ,  222228 154154 182222 242278 146152 230236 225241 392394 213221 181205 189213 193201
OtsAC17NSNT_3035 ,  218228 138162 222234 242270 160164 206222 237257 344344 197275 201235 165189 227227
OtsAC17NSNT_3036 ,  220222 154156 186210 238274 152164 262286 205229 236348 205229 137201 177189 193205
OtsAC17NSNT_3037 ,  206220 138154 194222 238270 168168 240244 205233 316348 205205 189235 177193 199233
OtsAC17NSNT_3038 ,  220222 138138 230234 258258 134134 250254 237249 340344 197245 181191 165177 201205
OtsAC17NSNT_3039 ,  220228 138156 186230 266286 142142 206250 237265 188252 193225 161227 165177 201203
OtsAC17NSNT_3040 ,  228236 154166 186202 270286 138168 254288 249269 332356 229233 161229 193213 199237
OtsAC17NSNT_3041 ,  220236 138154 198202 242270 142168 256278 209209 320336 205229 115193 165177 199227
OtsAC17NSNT_3042 ,  220220 154154 222226 242242 152152 250270 233257 316332 201275 115191 165177 199205
OtsAC17NSNT_3043 ,  236236 154154 178214 278282 138164 242256 181229 296336 193213 115193 189189 199201
OtsAC17NSNT_3044 ,  206228 134156 230234 242242 134146 222262 225229 276284 209229 115181 177193 205233
OtsAC17NSNT_3045 ,  222236 134154 230234 238266 168172 226246 241245 320324 193287 191193 177189 193199
OtsAC17NSNT_3046 ,  220220 134138 202202 218278 142142 206210 229233 240336 221237 115215 177189 207227
OtsAC17NSNT_3047 ,  206220 138162 218222 266270 146152 222248 233269 276284 189279 115155 189221 193199
OtsAC17NSNT_3048 ,  206220 138166 214234 262266 134138 222258 233261 388406 205233 000000 189197 199201
OtsAC17NSNT_3049 ,  218236 138162 222230 242270 164164 206274 245253 244356 221233 119191 165193 199205
OtsAC17NSNT_3050 ,  212236 138154 170218 242270 142146 206262 181209 336344 221229 115137 177193 207227
OtsAC17NSNT_3051 ,  206236 154154 170186 258270 146168 172282 225265 308320 229233 189193 177189 201203
OtsAC17NSNT_3052 ,  220220 134138 218222 258266 142184 248258 229265 264304 193221 193203 177217 199227
OtsAC17NSNT_3053 ,  220228 138138 182194 258282 134164 246250 181241 332348 229229 181181 177197 199201
OtsAC17NSNT_3054 ,  220222 154154 186194 258286 146152 266270 217237 188348 275275 185235 189193 203227
OtsAC17NSNT_3055 ,  206220 134138 182190 218266 142172 240270 205233 316344 193205 115235 177177 219221
OtsAC17NSNT_3056 ,  222222 138160 170218 234242 142152 250266 225237 252324 233237 177233 165177 201227
OtsAC17NSNT_3057 ,  220236 154158 202222 262270 146164 244246 225237 316352 205233 227253 189193 221221
OtsAC17NSNT_3058 ,  220236 138160 202202 242242 142142 254278 249261 272312 201221 205269 177193 193201
OtsAC17NSNT_3059 ,  218220 154156 182238 242278 142168 254270 177205 284340 229249 181193 193193 201237
OtsAC17NSNT_3060 ,  220220 138154 194226 258270 146164 250282 225269 256344 205283 177253 177189 199233
OtsAC17NSNT_3061 ,  220220 138154 226230 270278 142164 246248 257277 312320 275291 197235 177193 207227
OtsAC17NSNT_3062 ,  220222 154154 170234 258262 164242 234274 209237 344356 233275 115161 177177 201203
OtsAC17NSNT_3063 ,  206206 134138 190230 242274 142184 250254 205237 312376 225291 137181 177177 199199
OtsAC17NSNT_3064 ,  220220 138154 202218 238278 142152 244288 229241 252316 205279 181207 177177 199201
OtsAC17NSNT_3065 ,  206206 138154 190190 242242 134138 242266 229253 312336 189205 161235 177177 193201
OtsAC17NSNT_3066 ,  210220 138154 230230 258274 138160 226254 229241 308328 201233 177195 177193 199233
OtsAC17NSNT_3067 ,  212220 138154 166222 238250 146156 250270 233289 340406 233237 177221 193197 205237
OtsAC17NSNT_3068 ,  206236 138154 230234 200242 142146 242282 181257 272320 205213 161181 165193 201201
OtsAC17NSNT_3069 ,  220220 154154 170222 222258 146164 248248 209213 184312 193193 115177 177189 199201
OtsAC17NSNT_3070 ,  220236 154154 214230 218242 134146 234240 257289 332352 205263 153253 189193 205227
OtsAC17NSNT_3071 ,  222228 134160 190218 258258 138146 250266 185245 296352 193237 115203 189189 199221
OtsAC17NSNT_3072 ,  220220 138138 230230 274278 146184 178238 225265 316344 193205 173181 177221 207207
OtsAC17NSNT_3073 ,  212222 134156 170234 262266 160164 222246 217221 188344 205221 195197 177193 201233
OtsAC17NSNT_3074 ,  220220 154160 218226 262290 142152 234250 181237 312312 205221 161165 177189 199227
OtsAC17NSNT_3075 ,  220224 154154 222230 258282 146164 274286 229241 328336 205287 189191 161177 203237
OtsAC17NSNT_3076 ,  220220 154154 222230 250262 142156 248254 229237 264336 205237 137197 165197 201219
OtsAC17NSNT_3077 ,  214236 134154 230230 238242 142168 206206 205237 188272 205233 163189 177193 233237
OtsAC17NSNT_3078 ,  220222 138154 182182 254258 134164 248248 277297 308344 193193 115161 177189 199201
OtsAC17NSNT_3079 ,  220220 154154 182182 200258 134160 248248 209277 308324 193193 115191 177189 199199
OtsAC17NSNT_3080 ,  206222 138154 214226 242242 164172 234248 241257 316328 197205 177207 165193 201205
OtsAC17NSNT_3081 ,  220222 156160 182186 246270 134172 248266 181217 320336 205221 163193 165189 227233
OtsAC17NSNT_3082 ,  220222 154154 202214 270278 138146 172254 205233 336340 209229 115137 177177 199241
OtsAC17NSNT_3083 ,  228236 138138 222230 234254 134134 246278 209277 332348 205229 227235 177193 203203
OtsAC17NSNT_3084 ,  220220 154156 186190 200258 134160 258258 257257 184406 193205 219219 189193 201233
OtsAC17NSNT_3085 ,  214236 138166 186240 214214 146168 260262 229257 284382 275283 161171 165189 183201
OtsAC17NSNT_3086 ,  206220 154160 194198 250278 168208 242250 229233 324332 221295 115115 189193 199199
OtsAC17NSNT_3088 ,  206228 138138 198226 200242 152176 242248 205237 292296 233287 181189 193221 201221
OtsAC17NSNT_3089 ,  206222 134154 182230 242270 134152 250270 237261 292320 197221 189227 165189 193237
OtsAC17NSNT_3090 ,  220220 134154 194198 242242 152152 250270 233233 312332 209217 115115 177193 199201
OtsAC17NSNT_3092 ,  220236 138154 202230 254270 164184 248266 229261 264328 237299 181203 165217 199233
OtsAC17NSNT_3093 ,  220220 138138 222230 266278 134184 206258 237257 244340 221237 189235 165165 199207
OtsAC17NSNT_3094 ,  212220 138154 230234 234278 142146 242248 225257 312324 225237 115191 177189 199233
OtsAC17NSNT_3095 ,  212220 134154 222222 238242 142152 244266 233261 312406 221237 137161 177177 199205
OtsAC17NSNT_3096 ,  220222 138138 230230 234270 142184 250250 181205 284376 221275 177181 177193 199233
OtsAC17NSNT_3097 ,  222236 138138 230234 270278 134184 222244 229257 256284 233275 161201 165189 199221
OtsAC17NSNT_3098 ,  220222 134154 170238 234262 146152 266288 205209 188288 233283 161191 177193 233237
OtsAC17NSNT_3099 ,  220222 154166 182234 254278 138164 242262 209261 308406 205279 161247 177189 199199
OtsAC17NSNT_3100 ,  220236 134138 194222 270278 134156 244262 237241 316352 205291 137189 177197 201201
OtsAC17NSNT_3101 ,  220228 134138 194222 258282 134168 248266 201205 236332 233237 159205 177193 201233
OtsAC17NSNT_3102 ,  220222 138138 190218 246282 160168 218246 237277 308332 229267 137187 177193 199237
OtsAC17NSNT_3103 ,  228228 138154 206226 234258 134172 230266 225229 316332 193221 135177 177177 199201
OtsAC17NSNT_3104 ,  214220 154154 222230 250270 156168 258274 177229 288328 237279 149157 177189 205219
OtsAC17NSNT_3105 ,  220220 134134 190234 274278 138142 234244 213277 312410 197221 137197 177193 199205
OtsAC17NSNT_3106 ,  220220 154154 226234 238242 164184 240242 181181 188356 193233 135235 177193 205205
OtsAC17NSNT_3107 ,  220222 134138 218230 266278 138138 234266 213253 184344 221279 195227 189193 199203
OtsAC17NSNT_3108 ,  206220 138154 190214 242250 164168 238278 197261 312416 213221 191229 165197 199201
OtsAC17NSNT_3109 ,  220222 154160 186214 242262 142168 230234 233241 184344 205287 115119 189197 199201
OtsAC17NSNT_3110 ,  212220 154154 230230 242246 160164 246262 177225 188252 205213 115161 177193 199237
OtsAC17NSNT_3111 ,  220220 138154 182230 258262 138146 222248 209225 320344 205237 177247 177189 199201
OtsAC17NSNT_3112 ,  206228 154154 190194 242266 138164 254270 181241 312316 225229 119235 165197 205221
OtsAC17NSNT_3113 ,  212220 154154 202230 258270 138160 254266 181217 332336 197229 165203 177193 233237
OtsAC17NSNT_3114 ,  220220 154154 226230 200274 164184 226270 217261 292348 213229 115197 177189 201233
OtsAC17NSNT_3115 ,  210228 138160 190234 278290 134160 244278 233249 252296 193193 115161 177193 203233
OtsAC17NSNT_3116 ,  220236 134154 182190 246270 142156 250286 177241 316414 201213 161193 165177 199237
OtsAC17NSNT_3117 ,  222228 134138 218230 242258 164172 258266 181241 316336 209229 115193 177197 201233
OtsAC17NSNT_3118 ,  206220 138138 186230 238274 134168 242262 213249 316328 197237 181195 177197 199201
OtsAC17NSNT_3119 ,  220222 138138 190194 254258 142152 250252 169181 276280 201213 161189 177193 199201
OtsAC17NSNT_3120 ,  214220 134154 198198 270274 146168 244252 245245 316388 197233 115161 161193 233233
OtsAC17NSNT_3121 ,  206220 134138 178222 274278 142142 236282 241257 304320 229229 177241 189193 199201
OtsAC17NSNT_3122 ,  220222 154154 230234 226238 168196 250282 225229 256256 201283 115235 189193 199237
OtsAC17NSNT_3123 ,  228228 138154 170194 246250 142184 214250 237261 184340 193229 115137 177193 233237
OtsAC17NSNT_3124 ,  220236 154156 186186 238258 142146 206222 205205 324336 213225 173203 165193 201237
OtsAC17NSNT_3125 ,  220236 138158 190234 234242 134152 244250 297297 268332 233237 197269 177217 233233
OtsAC17NSNT_3126 ,  220220 138166 222234 258278 138184 248262 241261 320324 233237 115247 177189 201203
OtsAC17NSNT_3127 ,  222228 138154 226230 262266 152164 226250 233249 340352 197273 177177 177193 203205
OtsAC17NSNT_3128 ,  228236 134154 222222 250278 160172 210230 221229 312348 229283 137155 165177 227233
OtsAC17NSNT_3129 ,  220220 134154 206230 242282 168184 206266 209261 184410 193237 191227 189189 201207
OtsAC17NSNT_3130 ,  206220 138138 186230 278282 146164 242262 213229 256348 197205 161189 165177 199199
OtsAC17NSNT_3131 ,  212220 138164 182222 226278 152152 206250 229229 312356 205233 187219 177193 201233
OtsAC17NSNT_3132 ,  206220 138138 218230 242262 134142 266270 241241 316356 193197 199233 177193 203227
OtsAC17NSNT_3133 ,  222236 138138 190190 242270 152164 222244 181257 296308 205233 161201 189197 197199
OtsAC17NSNT_3134 ,  206222 138160 198218 238258 142142 226250 177245 188336 225233 137165 177177 203207
OtsAC17NSNT_3135 ,  222228 154160 230234 246278 164184 246282 177249 316328 225229 187219 193197 201227
OtsAC17NSNT_3136 ,  220220 138138 170218 200246 152168 248270 237241 336344 205209 135191 189189 193203
OtsAC17NSNT_3137 ,  210220 134154 202222 218270 138146 254262 253277 312356 193291 115235 177193 199227
OtsAC17NSNT_3138 ,  220222 134154 186230 242262 164164 250274 185213 240308 193197 115161 177193 227237
OtsAC17NSNT_3139 ,  222222 154154 190230 246246 164164 250266 237245 244288 197233 155193 193193 199203
OtsAC17NSNT_3140 ,  222236 138138 186186 242270 164168 240246 237257 348388 193209 161191 177193 201207
OtsAC17NSNT_3141 ,  220222 134154 186202 218242 138168 250278 209257 312356 205221 181269 177217 201237
OtsAC17NSNT_3142 ,  214228 156160 170222 238262 142168 210270 237253 000000 221225 137137 177193 199207
OtsAC17NSNT_3143 ,  214220 138158 182234 258270 142168 244250 209237 188264 205209 165203 161165 201203
OtsAC17NSNT_3144 ,  220228 134156 210226 246270 134184 178266 201241 292344 221279 137227 177193 203227
OtsAC17NSNT_3145 ,  220222 162162 226226 274278 134172 234250 181181 324336 229275 119219 189197 201237
OtsAC17NSNT_3146 ,  220228 154154 230230 242270 156164 244244 209217 188324 205229 189227 165177 199221
OtsAC17NSNT_3147 ,  224236 138154 194260 238286 142160 206206 229277 320336 221233 155235 177177 203207
OtsAC17NSNT_3148 ,  218220 156166 202230 242242 142160 248266 185233 316344 213237 185197 189189 199233
OtsAC17NSNT_3149 ,  220236 138154 198230 278294 146168 250250 233281 324328 205205 115239 177193 199199
OtsAC17NSNT_3150 ,  206206 134138 222222 242266 156164 240262 237277 236356 205233 115227 193197 201227
OtsAC17NSNT_3151 ,  220220 154166 182230 278278 138146 248262 241261 320344 233237 177189 177189 199199
OtsAC17NSNT_3152 ,  212228 134138 194222 258282 142160 214244 249253 304414 205205 115161 177177 201201
OtsAC17NSNT_3153 ,  222236 138138 230234 222242 138142 246266 181229 316344 197205 115177 177217 193237
OtsAC17NSNT_3154 ,  220220 138154 214222 270282 160172 254256 217273 184344 181267 119219 185189 199207
OtsAC17NSNT_3155 ,  220220 138164 182288 250274 138184 246262 177245 280304 181205 159173 181185 193201
OtsAC17NSNT_3156 ,  206220 138154 194234 200200 138152 244256 217217 316316 213237 153241 165213 199201
OtsAC17NSNT_3157 ,  220222 138154 218226 258286 146160 248270 249277 292328 193213 191235 165185 201221
OtsAC17NSNT_3158 ,  220222 138152 186226 266274 138138 246248 177233 328382 181205 173239 177193 193199
OtsAC17NSNT_3159 ,  206206 138154 198218 200270 142152 258266 237249 240356 229233 137181 165177 199201
OtsAC17NSNT_3160 ,  220228 138154 186210 238258 142164 222262 205205 324336 213221 173203 177189 183201
OtsAC17NSNT_3161 ,  206222 134154 194222 258270 138168 182288 213237 312340 229229 115219 177177 227237
OtsAC17NSNT_3162 ,  206222 134134 226230 238286 164168 266270 233241 308332 193275 115157 189193 201205
OtsAC17NSNT_3163 ,  220222 154154 222222 238242 138164 250266 181181 308316 237299 177191 177177 205227
OtsAC17NSNT_3164 ,  220222 154162 226230 234262 142152 244262 177277 332344 205275 163191 177177 201233
OtsAC17NSNT_3165 ,  220222 134154 182190 242278 142146 250266 181249 324418 229237 111201 177189 201207
OtsAC17NSNT_3166 ,  220236 134138 190190 242270 138152 242266 177249 188332 233279 135137 189193 199227
OtsAC17NSNT_3167 ,  222228 138138 194230 200234 142160 274278 205209 336336 213229 193229 165177 189201
OtsAC17NSNT_3169 ,  220222 138138 166202 238262 152164 250266 209277 348348 213229 181207 161213 199201
OtsAC17NSNT_3170 ,  220228 154154 186222 200254 168172 242244 241277 352360 197229 115137 177177 201233
OtsAC17NSNT_3171 ,  214214 138138 226234 200290 142156 214214 229261 352352 205233 115191 177217 221227
OtsAC17NSNT_3172 ,  220236 138156 202230 238278 138152 266266 249257 296332 197205 177219 165193 201207
OtsAC17NSNT_3173 ,  206220 134154 198226 242278 138164 250254 229233 272376 193229 115199 165193 199237
OtsAC17NSNT_3174 ,  220222 138158 202226 250258 160164 210266 209229 240340 221279 207245 177217 227237
OtsAC17NSNT_3175 ,  222222 138138 166206 238262 142164 238240 233277 348406 205229 189207 161193 201221
OtsAC17NSNT_3176 ,  206222 138138 182222 242266 142146 250266 205285 240316 229287 191227 193217 199221
OtsAC17NSNT_3177 ,  220222 138154 190222 238278 152164 244288 229269 252316 221221 161215 177213 199201
OtsAC17NSNT_3178 ,  206220 154154 170190 246294 152172 172250 217273 236352 221233 169177 177189 199233
OtsAC17NSNT_3179 ,  220220 138154 198234 218258 168176 240248 233249 280352 213263 000000 177193 000000
OtsAC17NSNT_3180 ,  220222 138152 186226 250278 138146 250262 177245 280304 181193 161239 177181 193199
OtsAC17NSNT_3182 ,  220222 134156 170222 254278 138160 238250 209257 316340 221233 115235 165189 199207
OtsAC17NSNT_3183 ,  222236 138154 202222 238242 142146 234242 229237 184344 201233 135161 177197 207221
OtsAC17NSNT_3184 ,  220224 138152 214230 234266 160168 254260 177237 272336 205221 157191 165177 183199
OtsAC17NSNT_3185 ,  206222 160162 218234 234274 160168 206252 229233 320344 197273 115133 193193 201227
OtsAC17NSNT_3186 ,  222228 154154 178218 258270 152184 206242 225261 328336 201205 181187 177193 199205
OtsAC17NSNT_3187 ,  220222 134152 186214 242258 134142 198258 209249 320352 185229 185193 177193 221227
OtsAC17NSNT_3188 ,  220228 138138 178190 242254 152180 218254 225229 304344 193225 137241 177189 199201
OtsCC17NSNT_0500 ,  212220 138138 198234 270278 142146 246248 217277 312324 205225 115191 177193 201219
OtsCC17NSNT_0509 ,  206214 156160 186194 262274 142142 250270 209261 236308 225299 137181 165177 199199
OtsCC17NSNT_0511 ,  220220 138154 222234 234242 164168 242248 229249 312352 213275 137219 189189 199233
OtsCC17NSNT_0513 ,  214220 154154 218222 242254 164164 262266 245257 336336 205237 115191 165197 201201
OtsCC17NSNT_0514 ,  220222 134138 198198 242266 164168 240278 221297 188324 225229 181227 165177 201233
OtsCC17NSNT_0530 ,  000000 138138 190230 000000 164168 230250 185229 280332 000000 000000 177193 000000
OtsCC17NSNT_0533 ,  218228 154156 170234 246246 164168 230266 217221 320348 193205 137235 197197 233237
OtsCC17NSNT_0535 ,  212236 138154 190222 242294 164184 244250 201205 316352 221233 161161 177217 199233
OtsCC17NSNT_0536 ,  236236 138160 182202 000000 134168 230250 217261 236320 205249 191191 177177 199237
OtsCC17NSNT_0537 ,  222224 138154 190198 242258 152168 246250 225233 336344 193287 161235 165165 199201
OtsCC17NSNT_0542 ,  206228 154162 202214 246290 134142 218238 221265 280312 221273 119193 177197 199201
OtsCC17NSNT_0543 ,  220228 134138 218230 254258 164184 222230 213265 264320 193221 203233 177217 199201
OtsCC17NSNT_0544 ,  206222 138154 222234 200262 134142 206288 225241 332340 221225 000000 000000 000000
OtsCC17NSNT_0551 ,  220222 138154 190226 262266 142152 250262 181209 324348 205273 119177 193193 201233  