OtsAC19NSNT_0003	250	270	207	219	242	262	199	201	222	226	206	228	197	237	209	233	142	164	177	177	154	154	184	380
OtsAC19NSNT_0004	242	270	175	227	252	266	199	201	198	238	220	220	209	221	229	241	146	152	177	177	138	160	316	316
OtsAC19NSNT_0005	266	278	195	201	246	256	201	203	226	230	212	222	205	233	205	217	142	152	177	177	138	138	316	356
OtsAC19NSNT_0010	242	246	115	191	234	250	199	201	182	230	220	220	233	273	229	233	152	184	177	197	138	154	332	414
OtsAC19NSNT_0012	238	274	115	181	254	262	199	221	206	226	236	236	205	237	241	277	146	152	165	177	134	156	352	380
OtsAC19NSNT_0013	258	270	185	269	210	254	227	237	170	222	212	222	221	229	209	249	138	184	177	177	134	138	188	316
OtsAC19NSNT_0014	278	278	115	155	254	266	199	199	186	206	220	222	205	225	209	277	142	152	165	193	138	166	284	300
OtsAC19NSNT_0017	0	0	115	191	172	274	201	205	194	230	222	228	205	275	181	237	134	168	177	177	134	154	272	344
OtsAC19NSNT_0018	200	238	181	197	270	274	183	207	230	230	220	222	221	237	185	289	176	184	177	197	134	160	252	340
OtsAC19NSNT_0019	200	254	165	177	266	286	199	227	186	234	220	222	229	233	185	229	160	184	165	193	134	138	236	348
OtsAC19NSNT_0020	242	258	181	235	230	250	183	199	178	230	206	210	229	229	217	225	142	152	177	189	154	160	280	284
OtsAC19NSNT_0021	238	258	133	197	250	266	199	201	182	230	220	222	197	221	229	233	146	164	193	193	160	160	312	352
OtsAC19NSNT_0022	200	258	115	137	250	252	201	201	182	222	222	222	201	291	177	229	152	180	161	193	134	138	188	372
OtsAC19NSNT_0026	238	270	191	227	214	250	199	201	170	226	220	222	237	279	177	249	142	142	165	177	154	154	316	418
OtsAC19NSNT_0028	266	270	197	269	222	254	205	233	222	234	218	236	213	221	181	253	138	164	165	165	134	154	316	316
OtsAC19NSNT_0029	250	274	181	191	266	266	193	199	170	222	206	236	205	237	177	297	142	164	177	197	154	154	328	336
OtsAC19NSNT_0030	282	286	115	219	238	248	201	233	222	230	222	226	213	279	205	225	164	204	165	197	134	154	304	336
OtsAC19NSNT_0035	234	242	177	197	240	266	205	237	230	238	222	222	193	287	233	245	138	172	177	193	154	160	244	336
OtsAC19NSNT_0040	238	258	119	187	222	230	201	237	170	230	220	228	229	229	209	237	168	172	177	189	138	160	312	376
OtsAC19NSNT_0042	266	266	193	235	250	286	201	203	218	218	222	222	221	233	177	209	134	142	193	193	138	160	332	372
OtsAC19NSNT_0043	246	274	115	249	222	250	199	227	222	230	206	222	193	197	221	289	146	184	177	193	154	160	312	328
OtsAC19NSNT_0044	234	238	135	161	222	266	199	201	218	226	210	222	205	221	245	277	138	184	177	217	154	154	316	352
OtsAC19NSNT_0046	242	246	161	193	250	258	199	237	230	230	212	228	213	275	213	229	134	164	165	193	138	160	284	336
OtsAC19NSNT_0048	242	270	115	203	250	250	201	203	182	234	220	228	229	291	177	225	152	152	177	193	134	154	252	336
OtsAC19NSNT_0050	258	270	137	197	240	266	199	201	230	238	220	222	193	287	233	245	142	172	177	193	154	154	188	336
OtsAC19NSNT_0053	246	254	187	227	206	214	199	201	210	218	222	228	221	279	177	229	142	146	165	177	138	160	184	352
OtsAC19NSNT_0054	238	238	133	197	250	266	199	201	182	202	220	222	237	279	233	233	134	164	193	193	160	160	312	336
OtsAC19NSNT_0062	234	242	119	161	230	258	199	205	186	190	220	228	205	233	217	237	142	142	177	177	138	138	340	352
OtsAC19NSNT_0071	242	250	177	199	230	242	183	201	190	202	212	220	197	205	213	217	142	152	177	189	138	154	284	336
OtsAC19NSNT_0073	250	278	189	219	250	262	199	227	190	222	228	236	193	197	229	229	142	142	177	177	154	160	272	344
OtsAC19NSNT_0077	274	278	177	241	248	250	199	205	222	230	206	214	205	237	225	241	138	146	177	193	138	138	316	406
OtsAC19NSNT_0078	242	286	189	247	252	270	201	207	186	226	220	222	275	279	217	241	138	142	161	177	154	160	188	344
OtsAC19NSNT_0080	266	282	191	231	214	282	203	237	186	198	212	222	233	287	177	229	146	160	177	193	154	160	284	288
OtsAC19NSNT_0081	242	282	115	119	214	270	203	207	230	234	220	220	197	229	233	297	138	168	177	193	134	154	316	348
OtsAC19NSNT_0082	238	270	115	137	254	262	199	205	170	186	220	236	205	233	277	285	134	152	165	165	134	138	308	380
OtsAC19NSNT_0083	234	238	137	201	266	270	199	203	186	234	218	228	213	213	229	237	134	134	177	189	134	138	308	336
OtsAC19NSNT_0085	200	254	115	235	250	288	201	227	186	198	222	222	213	229	229	249	138	160	177	177	138	160	188	332
OtsAC19NSNT_0090	242	278	173	177	214	240	203	205	186	190	206	228	209	229	229	317	138	138	185	193	154	162	188	348
OtsAC19NSNT_0091	246	246	115	115	262	266	227	237	174	230	216	228	221	221	181	273	146	168	177	193	138	138	312	348
OtsAC19NSNT_0095	262	266	115	157	222	278	227	233	222	230	218	222	229	237	181	249	164	188	165	213	134	154	188	316
OtsAC19NSNT_0096	270	270	219	269	240	254	207	227	202	222	220	236	193	221	229	249	138	184	165	177	134	154	308	316
OtsAC19NSNT_0097	242	274	165	191	240	266	193	221	198	230	220	222	197	237	173	237	142	184	165	165	138	154	336	340
OtsAC19NSNT_0098	200	270	119	161	210	266	199	233	202	238	220	226	189	237	205	233	152	172	193	193	134	138	336	340
OtsAC19NSNT_0099	200	242	161	193	244	274	201	227	218	222	220	222	193	205	177	241	164	168	177	177	138	160	188	356
OtsAC19NSNT_0100	246	270	165	191	250	282	201	227	170	226	220	222	237	279	177	297	142	142	165	177	138	154	376	418
OtsAC19NSNT_0103	242	282	177	197	250	274	199	199	218	226	222	228	193	225	237	273	142	142	165	177	138	154	352	406
OtsAC19NSNT_0104	238	254	181	193	242	262	199	201	190	190	222	222	201	221	233	237	138	142	193	197	138	154	324	384
OtsAC19NSNT_0105	218	242	161	229	222	222	201	201	190	222	206	222	201	205	185	273	146	184	177	197	134	156	188	340
OtsAC19NSNT_0106	242	278	115	165	244	250	201	227	178	230	218	228	197	237	177	257	142	156	177	193	138	154	184	344
OtsAC19NSNT_0110	258	282	115	181	238	250	201	233	226	230	206	220	205	205	177	217	164	168	165	177	138	162	312	406
OtsAC19NSNT_0112	274	278	161	207	250	250	201	237	202	230	220	228	275	279	229	229	138	152	193	197	138	154	308	316
OtsAC19NSNT_0114	258	278	161	235	230	270	193	201	202	230	220	228	193	213	209	221	164	168	165	197	138	154	284	304
OtsAC19NSNT_0115	234	242	191	235	254	274	207	237	222	226	236	236	197	205	229	269	138	146	177	197	138	160	284	316
OtsAC19NSNT_0117	226	258	135	137	214	244	193	219	226	226	220	228	229	263	209	269	146	164	193	193	138	138	316	352
OtsAC19NSNT_0118	200	290	115	137	250	266	201	201	170	190	214	236	205	209	229	237	142	164	177	217	138	138	184	184
OtsAC19NSNT_0121	234	290	219	245	230	270	201	201	190	234	220	222	225	237	229	229	142	164	165	177	134	138	336	348
OtsAC19NSNT_0122	246	278	137	189	266	274	197	233	194	222	218	220	273	275	181	229	138	142	177	189	138	138	336	414
OtsAC19NSNT_0124	242	254	157	203	242	248	199	227	194	230	220	228	205	221	229	237	146	152	177	177	138	154	308	328
OtsAC19NSNT_0125	242	270	177	189	266	266	193	233	226	312	228	228	205	229	221	253	142	152	177	193	138	160	188	292
OtsAC19NSNT_0130	242	258	137	161	266	282	199	203	186	222	220	222	205	221	261	277	134	172	177	197	138	154	280	410
OtsAC19NSNT_0132	254	266	115	137	256	270	201	229	190	198	220	228	229	237	237	273	152	168	177	193	138	154	340	414
OtsAC19NSNT_0135	242	270	165	219	172	234	201	233	170	226	228	228	225	275	221	233	142	184	165	193	138	154	336	352
OtsAC19NSNT_0137	242	266	119	165	250	250	205	205	182	230	212	236	225	237	209	261	134	152	177	189	154	166	348	348
OtsAC19NSNT_0138	242	250	115	191	222	230	199	227	226	234	220	222	205	287	181	209	134	146	177	177	134	138	316	336
OtsAC19NSNT_0139	238	242	181	189	266	266	227	233	170	230	220	228	193	205	221	261	146	164	177	217	134	156	300	336
OtsAC19NSNT_0141	242	266	181	219	210	230	203	237	198	222	206	220	205	233	225	233	142	164	177	189	134	138	308	352
OtsAC19NSNT_0144	262	262	161	201	242	248	199	233	170	226	220	222	193	193	229	233	160	164	177	197	154	154	184	352
OtsAC19NSNT_0145	238	250	197	235	234	266	201	219	182	194	206	222	213	221	225	257	134	142	177	189	134	154	296	360
OtsAC19NSNT_0146	200	286	115	161	234	286	201	221	194	222	218	222	229	291	181	277	138	152	193	193	154	154	312	324
OtsAC19NSNT_0147	242	262	197	203	266	270	199	199	226	234	220	222	201	205	249	249	134	152	193	193	134	134	316	414
OtsAC19NSNT_0150	242	278	161	181	248	262	201	207	190	226	220	220	193	229	229	245	152	152	193	197	138	154	308	328
OtsAC19NSNT_0153	266	274	161	187	236	250	207	233	190	218	206	228	205	205	225	233	142	142	177	177	138	154	352	410
OtsAC19NSNT_0154	242	270	177	181	244	250	193	201	182	202	228	236	201	229	173	233	152	168	165	193	134	154	332	336
OtsAC19NSNT_0155	254	258	137	199	206	214	199	221	194	222	220	228	197	229	181	233	142	152	165	189	154	154	308	402
OtsAC19NSNT_0159	242	242	115	161	214	236	205	237	190	230	220	222	229	233	225	297	152	164	177	193	134	154	304	308
OtsAC19NSNT_0160	234	234	189	227	172	266	203	203	186	194	222	228	193	229	217	237	146	152	189	193	138	138	312	340
OtsAC19NSNT_0165	234	246	161	189	242	266	203	233	194	226	220	220	189	205	225	261	146	168	177	193	156	162	340	344
OtsAC19NSNT_0167	242	266	191	193	206	270	193	201	222	234	206	222	209	225	217	229	156	172	161	161	134	154	304	312
OtsAC19NSNT_0170	274	278	165	197	236	262	193	233	230	234	220	236	275	295	237	237	152	184	189	197	138	160	188	352
OtsAC19NSNT_0173	200	258	161	197	250	256	201	203	226	230	218	228	205	225	217	269	134	168	177	177	154	154	188	348
OtsAC19NSNT_0175	234	270	133	219	244	270	199	227	190	198	222	236	205	205	177	229	152	160	189	193	154	156	348	372
OtsAC19NSNT_0176	254	262	161	197	246	270	199	199	218	234	218	236	201	205	237	249	134	168	177	177	138	154	304	348
OtsAC19NSNT_0181	250	282	177	181	226	254	201	205	194	206	224	228	201	229	241	253	142	142	177	189	154	154	280	406
OtsAC19NSNT_0182	270	274	115	137	236	266	201	201	186	222	206	220	205	213	273	273	152	168	177	177	138	138	316	316
OtsAC19NSNT_0183	200	266	161	227	258	262	201	227	202	222	220	222	193	205	229	241	168	168	165	189	154	166	320	356
OtsAC19NSNT_0185	262	278	181	191	230	234	201	201	222	230	206	220	205	233	209	237	164	168	177	213	138	138	284	348
OtsAC19NSNT_0191	242	278	135	169	214	248	199	199	170	190	220	236	189	275	177	273	142	152	177	189	138	154	284	360
OtsAC19NSNT_0195	218	262	119	181	252	266	227	227	182	222	220	228	205	225	241	245	138	160	177	193	138	138	236	340
OtsAC19NSNT_0196	246	278	115	235	234	254	199	233	194	230	216	222	229	273	233	233	138	142	177	189	138	138	312	336
OtsAC19NSNT_0197	254	270	161	207	248	258	199	227	190	222	206	214	193	225	177	233	160	172	177	177	154	162	184	336
OtsAC19NSNT_0199	200	270	137	181	266	282	201	203	186	234	214	220	213	213	229	253	142	164	177	177	138	154	188	328
OtsAC19NSNT_0203	238	242	137	269	250	250	199	237	170	186	220	228	201	205	173	177	138	142	177	189	154	160	328	352
OtsAC19NSNT_0206	258	278	161	235	230	270	201	201	202	226	220	228	233	273	265	281	138	168	165	197	138	154	344	352
OtsAC19NSNT_0207	262	286	235	235	250	256	207	227	218	234	218	236	201	291	173	217	134	146	177	193	154	154	344	348
OtsAC19NSNT_0210	270	278	201	235	206	256	201	203	170	226	220	220	205	233	177	217	138	142	177	193	138	160	332	356
OtsAC19NSNT_0213	0	0	119	235	222	274	201	201	198	230	220	222	229	291	221	233	152	184	177	197	138	154	324	380
OtsAC19NSNT_0216	242	274	119	223	250	266	201	237	190	190	222	228	205	283	229	249	168	184	165	189	134	154	316	324
OtsAC19NSNT_0217	250	270	115	137	254	266	199	227	222	230	222	236	221	237	209	249	160	184	177	177	154	156	188	344
OtsAC19NSNT_0219	200	274	137	193	262	270	193	221	222	230	220	222	205	229	225	253	142	142	177	193	134	138	272	336
OtsAC19NSNT_0224	266	274	191	235	242	244	201	201	218	226	214	220	201	233	265	265	142	176	193	217	154	160	320	336
OtsAC19NSNT_0234	266	282	115	227	222	244	199	203	198	230	206	220	221	237	241	281	152	152	193	193	138	138	284	316
OtsAC19NSNT_0235	258	282	165	177	206	242	201	233	190	234	220	220	193	213	237	237	152	152	177	197	138	138	184	316
OtsAC19NSNT_0238	270	278	181	227	238	266	199	201	170	186	206	220	221	229	201	273	152	160	193	197	138	138	312	336
OtsAC19NSNT_0241	242	254	199	219	206	282	205	237	230	238	206	220	225	229	205	281	146	184	177	213	138	160	256	356
OtsAC19NSNT_0243	242	258	115	235	244	266	201	211	190	226	228	228	221	233	237	277	152	164	189	197	138	138	252	284
OtsAC19NSNT_0244	258	270	115	161	250	250	199	203	170	230	220	220	221	283	229	249	138	160	189	189	154	154	312	340
OtsAC19NSNT_0246	258	262	133	233	266	282	199	201	182	230	220	222	197	221	229	237	146	160	193	193	134	154	312	336
OtsAC19NSNT_0248	258	278	177	249	250	266	201	233	170	198	206	216	197	197	201	233	160	164	193	193	134	154	280	312
OtsAC19NSNT_0250	242	246	177	191	230	246	205	237	182	206	228	228	193	287	205	277	152	168	165	177	134	138	244	284
OtsAC19NSNT_0251	234	278	135	137	246	286	205	227	170	186	220	236	205	221	249	317	134	152	165	177	134	134	340	380
OtsAC19NSNT_0253	258	282	137	181	250	258	183	205	206	230	222	224	205	237	181	233	160	160	177	193	154	160	304	312
OtsAC19NSNT_0254	242	270	115	177	222	240	219	227	222	230	220	228	205	237	181	213	152	156	177	193	154	162	184	316
OtsAC19NSNT_0256	266	278	115	177	262	270	203	237	194	226	212	222	237	275	229	245	152	168	177	197	154	156	236	340
OtsAC19NSNT_0260	250	258	137	187	266	288	233	237	198	222	222	224	205	221	209	269	138	172	197	213	138	154	332	336
OtsAC19NSNT_0263	262	266	181	191	250	282	199	201	174	234	220	220	197	197	217	261	164	176	165	189	138	154	188	292
OtsAC19NSNT_0266	250	278	115	181	238	250	203	219	190	210	222	228	193	209	229	237	164	168	177	193	138	154	308	324
OtsAC19NSNT_0270	242	270	157	185	210	240	199	237	170	202	212	228	205	237	229	257	152	164	177	177	138	154	316	426
OtsAC19NSNT_0273	278	282	191	253	240	258	201	207	222	234	214	220	213	237	233	257	152	164	177	177	138	154	308	324
OtsAC19NSNT_0274	238	282	233	235	218	244	211	237	182	230	206	228	213	237	177	237	142	188	193	193	138	158	340	360
OtsAC19NSNT_0275	238	238	135	177	246	266	199	227	198	206	220	236	205	233	209	277	142	152	189	193	134	166	272	284
OtsAC19NSNT_0280	234	266	177	213	240	254	207	237	190	202	220	228	205	229	229	241	160	184	177	177	138	152	288	356
OtsAC19NSNT_0281	242	270	191	235	240	274	193	201	186	230	212	228	229	283	209	285	164	168	177	177	138	138	304	312
OtsAC19NSNT_0287	238	274	161	227	250	274	201	201	198	218	222	228	205	209	221	241	142	184	189	197	138	154	276	312
OtsAC19NSNT_0288	242	294	115	177	234	266	199	201	190	222	206	222	205	205	241	269	134	164	177	177	138	160	280	332
OtsAC19NSNT_0291	238	282	135	233	244	282	201	207	0	0	0	0	0	0	0	0	146	164	177	193	154	160	188	356
OtsAC19NSNT_0292	254	258	181	181	210	266	221	237	230	230	220	228	205	213	193	233	138	172	193	193	154	154	308	332
OtsAC19NSNT_0294	200	234	115	239	242	250	199	229	190	222	206	236	213	299	229	233	164	184	165	177	138	154	280	316
OtsAC19NSNT_0296	258	270	115	173	250	266	201	205	190	202	220	228	193	229	233	237	138	152	177	177	138	162	188	300
OtsAC19NSNT_0297	246	270	219	227	250	278	205	207	202	226	206	220	193	221	229	229	152	152	185	193	154	160	308	308
OtsAC19NSNT_0300	258	270	115	161	250	250	201	201	222	222	206	236	205	287	173	237	156	168	189	193	138	138	252	256
OtsAC19NSNT_0303	238	274	227	235	244	254	201	201	190	218	222	228	209	229	181	241	134	152	177	177	138	154	340	380
OtsAC19NSNT_0304	234	266	177	191	250	262	237	237	190	230	216	236	197	291	249	269	138	164	177	193	138	138	324	336
OtsAC19NSNT_0307	258	270	135	181	244	266	199	227	230	230	220	222	201	237	213	241	152	164	177	193	138	162	312	316
OtsAC19NSNT_0313	200	270	137	169	266	274	205	237	210	234	206	206	213	213	229	253	142	168	177	177	138	154	188	328
OtsAC19NSNT_0314	242	242	115	177	250	254	203	237	182	230	228	228	229	291	229	257	146	146	177	213	154	160	184	316
OtsAC19NSNT_0322	234	262	115	135	252	266	227	237	0	0	220	222	205	205	205	245	164	172	193	197	138	154	184	288
OtsAC19NSNT_0324	242	270	115	177	266	270	205	237	170	222	222	236	205	225	237	241	164	164	177	177	138	158	308	332
OtsAC19NSNT_0325	270	270	115	197	248	266	219	233	190	230	220	220	193	229	237	273	134	142	177	177	154	154	308	332
OtsAC19NSNT_0329	238	274	223	237	222	238	233	237	170	190	212	228	221	283	257	273	142	184	177	177	134	166	312	348
OtsAC19NSNT_0332	200	200	115	165	206	230	207	227	190	198	220	222	205	229	229	233	160	164	165	177	154	154	316	376
OtsAC19NSNT_0336	222	242	173	247	240	246	205	237	182	186	206	212	193	205	229	229	152	176	185	193	138	154	280	308
OtsAC19NSNT_0338	258	286	169	253	266	288	199	229	170	190	206	220	193	197	209	229	164	164	161	193	138	138	304	356
OtsAC19NSNT_0348	234	250	119	229	238	262	201	237	230	230	220	220	205	283	213	249	160	176	177	193	134	154	184	236
OtsAC19NSNT_0351	238	238	157	191	248	266	199	233	202	230	206	220	205	273	229	241	164	168	177	197	154	156	288	352
OtsAC19NSNT_0353	266	270	137	193	250	282	227	237	226	230	218	220	197	237	233	249	142	164	165	165	154	160	316	340
OtsAC19NSNT_0357	250	258	177	181	262	270	237	237	226	230	206	220	205	275	229	233	152	160	165	177	138	154	184	336
OtsAC19NSNT_0360	250	266	137	207	242	254	199	199	222	222	222	222	197	205	233	245	138	146	161	177	138	154	280	336
OtsAC19NSNT_0361	200	242	161	161	240	244	201	227	222	230	222	228	193	205	213	237	146	224	177	197	138	154	308	356
OtsAC19NSNT_0368	242	258	161	177	242	282	233	237	186	230	214	220	237	241	173	225	134	142	165	221	154	154	336	344
OtsAC19NSNT_0370	234	270	153	197	242	244	227	237	222	230	220	228	193	205	225	257	142	168	165	193	134	154	252	304
OtsAC19NSNT_0372	242	246	135	181	244	250	199	201	198	234	206	214	209	233	237	261	146	146	177	193	154	160	308	352
OtsAC19NSNT_0373	242	250	115	115	250	278	201	219	178	202	206	220	229	291	177	201	152	164	177	193	138	162	312	348
OtsAC19NSNT_0374	218	262	115	189	250	266	201	233	194	226	222	226	193	205	217	245	160	164	189	189	154	154	316	316
OtsAC19NSNT_0380	278	278	161	257	266	266	237	237	222	222	206	212	205	205	237	261	134	142	165	193	134	138	308	316
OtsAC19NSNT_0382	234	242	115	245	258	266	201	233	190	190	214	228	193	237	209	233	142	164	165	197	138	138	284	336
OtsAC19NSNT_0384	242	270	119	211	210	262	201	201	198	230	220	220	193	291	213	233	134	176	177	193	134	154	184	236
OtsAC19NSNT_0385	234	242	191	235	240	266	221	233	194	222	220	236	221	229	205	241	142	142	177	189	154	154	312	316
OtsAC19NSNT_0387	278	282	135	137	240	244	201	221	202	230	214	220	209	233	233	273	146	168	177	177	138	154	188	316
OtsAC19NSNT_0394	270	294	115	213	242	270	193	199	226	226	220	222	205	205	217	261	152	228	177	193	154	160	236	332
OtsAC19NSNT_0397	238	274	165	173	214	242	207	207	194	222	220	236	221	287	233	285	160	164	193	201	138	154	308	336
OtsAC19NSNT_0398	234	246	155	161	242	242	201	233	190	226	220	228	205	275	237	277	130	134	193	221	154	156	332	340
OtsAC19NSNT_0400	242	266	177	219	242	266	193	233	234	312	228	228	205	237	229	269	142	152	193	193	162	162	188	292
OtsAC19NSNT_0402	242	242	191	193	254	266	203	205	202	226	206	222	205	229	249	289	138	138	193	193	138	156	308	344
OtsAC19NSNT_0405	238	262	133	233	222	282	201	233	198	230	216	220	221	279	233	233	134	160	193	197	134	160	332	356
OtsAC19NSNT_0406	238	270	135	177	234	278	201	203	214	226	228	236	229	233	233	241	152	184	165	193	154	160	316	406
OtsAC19NSNT_0410	258	270	137	181	218	262	199	219	182	194	220	222	213	279	261	285	134	142	177	193	138	154	244	308
OtsAC19NSNT_0413	200	274	135	189	218	242	199	233	186	222	220	236	201	221	241	317	138	142	177	177	138	138	308	422
OtsAC19NSNT_0417	242	258	119	161	222	248	201	237	222	234	220	220	205	275	233	257	164	224	177	193	154	162	252	332
OtsAC19NSNT_0418	226	234	115	203	214	254	193	199	190	190	220	222	193	233	225	257	164	208	189	193	138	156	308	332
OtsAC19NSNT_0421	258	270	241	245	230	274	201	219	202	238	206	206	229	237	181	241	142	160	177	177	138	154	324	340
OtsAC19NSNT_0427	242	286	181	193	242	244	203	237	218	226	220	220	229	237	229	253	134	142	177	189	134	154	336	336
OtsAC19NSNT_0438	258	258	159	165	230	266	233	237	194	198	236	236	221	273	257	261	152	176	177	177	138	154	188	332
OtsAC19NSNT_0439	258	270	189	245	250	262	199	201	170	252	210	216	213	229	225	273	142	164	177	177	138	154	352	414
OtsAC19NSNT_0440	242	258	137	227	230	266	227	229	194	198	206	222	193	273	245	249	146	164	177	193	138	154	188	336
OtsAC19NSNT_0442	258	262	177	191	222	250	201	201	194	222	206	222	233	237	229	245	160	168	165	197	134	154	332	388
OtsAC19NSNT_0446	270	278	181	227	236	250	199	201	170	238	206	206	221	229	201	241	152	184	177	193	138	154	312	316
OtsAC19NSNT_0449	200	262	191	219	250	256	205	233	230	234	222	222	205	205	181	269	134	168	177	177	134	154	308	348
OtsAC19NSNT_0451	254	278	153	201	250	262	201	205	198	202	220	222	197	287	221	237	152	160	165	177	138	156	308	380
OtsAC19NSNT_0452	200	238	185	191	250	250	199	233	186	230	220	222	221	233	209	229	168	168	177	193	134	138	308	328
OtsAC19NSNT_0453	242	242	197	231	206	218	193	203	198	214	218	236	205	229	229	241	142	164	165	193	154	156	188	320
OtsAC19NSNT_0460	234	254	189	193	206	266	203	237	230	234	220	222	209	237	177	217	142	142	165	189	138	154	304	348
OtsAC19NSNT_0462	238	242	115	135	234	266	197	237	198	222	222	222	221	237	229	249	138	160	165	177	138	160	320	348
OtsAC19NSNT_0463	270	278	165	191	222	274	199	233	218	234	206	222	273	287	225	257	134	176	177	177	138	138	312	336
OtsAC19NSNT_0476	258	274	161	181	222	270	201	201	186	222	220	222	233	237	229	277	152	164	177	177	154	156	272	312
OtsAC19NSNT_0478	242	270	177	205	242	282	233	237	182	218	224	228	189	205	201	221	142	164	177	193	138	162	188	320
OtsAC19NSNT_0483	242	262	181	181	226	250	199	221	222	230	206	228	213	233	181	209	152	164	189	193	138	160	340	352
OtsAC19NSNT_0484	246	278	115	115	262	266	201	201	218	222	222	228	221	287	225	257	142	168	177	193	138	138	344	344
OtsAC19NSNT_0486	242	266	177	231	222	238	199	237	226	230	220	236	225	291	181	233	138	176	165	177	134	134	184	300
OtsAC19NSNT_0490	234	242	191	235	254	274	207	237	190	222	216	236	197	205	229	269	146	172	189	193	138	138	320	336
OtsAC19NSNT_0492	238	262	161	181	250	266	199	237	202	238	206	206	205	225	237	269	142	168	193	193	138	162	184	308
OtsAC19NSNT_0494	218	258	165	201	236	256	197	199	218	222	206	220	221	287	233	241	134	142	165	177	134	154	344	406
OtsAC19NSNT_0495	242	242	115	195	206	274	203	207	170	234	220	228	197	205	205	237	146	146	189	193	162	162	320	348
OtsAC19NSNT_0498	262	278	137	177	218	266	193	237	170	222	214	228	201	229	197	201	142	180	173	177	138	160	264	372
OtsAC19NSNT_0502	262	270	165	235	210	248	201	221	222	226	220	236	193	193	245	261	160	164	189	193	154	160	308	340
OtsAC19NSNT_0508	242	242	177	193	234	250	203	233	182	214	220	228	201	205	233	237	152	152	189	193	154	160	320	320
OtsAC19NSNT_0512	242	286	115	189	258	270	205	221	222	230	220	220	205	205	185	233	142	152	193	217	138	154	348	372
OtsAC19NSNT_0514	238	242	165	177	230	262	197	205	162	222	212	220	237	275	221	237	152	160	165	197	154	160	272	380
OtsAC19NSNT_0515	242	266	181	219	244	282	203	233	202	222	206	214	205	221	225	233	146	164	177	193	134	154	244	296
OtsAC19NSNT_0516	258	266	161	181	222	250	227	233	190	226	228	236	221	225	181	233	164	164	161	189	138	154	188	368
OtsAC19NSNT_0520	234	242	119	227	242	252	227	237	218	222	220	236	205	225	205	237	160	184	193	217	154	162	288	340
OtsAC19NSNT_0521	238	270	173	191	236	282	205	237	190	226	218	228	193	201	177	277	142	142	177	177	138	154	308	376
OtsAC19NSNT_0527	242	262	191	221	244	262	201	203	182	194	212	220	205	233	237	245	152	160	165	197	134	154	272	332
OtsAC19NSNT_0530	242	258	193	227	230	266	219	227	218	226	222	228	201	233	229	265	160	172	189	193	134	138	344	348
OtsAC19NSNT_0531	238	242	177	227	248	248	227	233	186	222	214	236	205	221	257	261	146	160	177	177	138	138	184	300
OtsAC19NSNT_0532	242	270	119	219	222	248	199	221	222	230	220	228	193	233	177	181	134	142	177	213	154	162	336	360
OtsAC19NSNT_0538	266	270	135	191	244	266	199	227	230	230	220	222	193	225	213	221	142	152	165	193	138	162	312	316
OtsAC19NSNT_0539	234	242	119	219	236	270	199	199	174	234	218	220	213	273	217	229	142	196	161	193	154	154	280	418
OtsAC19NSNT_0540	250	278	177	181	234	266	205	233	230	230	206	228	205	299	177	269	160	160	177	193	138	138	300	308
OtsAC19NSNT_0541	218	278	115	205	242	266	199	201	190	226	236	236	237	237	229	237	138	172	165	177	138	162	308	340
OtsAC19NSNT_0542	234	250	177	229	238	262	201	237	230	230	220	220	193	205	249	277	134	152	177	189	134	138	184	324
OtsAC19NSNT_0545	242	258	177	219	246	254	201	203	226	230	228	236	205	233	217	237	146	152	165	193	154	160	316	336
OtsAC19NSNT_0546	258	278	159	237	266	266	233	237	170	234	220	236	213	229	201	205	160	180	165	177	154	160	372	406
OtsAC19NSNT_0547	242	258	193	245	230	266	219	227	222	234	222	228	201	233	229	265	152	172	189	197	134	154	268	340
OtsAC19NSNT_0549	246	262	161	187	250	286	201	203	218	234	212	222	205	229	205	229	134	146	177	177	138	154	312	372
OtsAC19NSNT_0551	238	246	135	235	230	286	193	227	194	226	222	222	213	221	209	249	142	146	177	177	154	154	344	348
OtsAC19NSNT_0553	200	262	135	191	250	266	205	205	170	230	220	222	201	201	177	241	152	164	177	189	154	160	188	320
OtsAC19NSNT_0555	242	258	115	201	246	262	233	237	182	186	228	236	225	237	177	269	134	142	165	193	134	154	312	336
OtsAC19NSNT_0559	254	258	115	177	250	278	227	233	170	198	220	222	189	229	225	277	164	168	177	189	134	138	308	348
OtsAC19NSNT_0560	250	270	135	191	248	266	193	199	190	190	220	236	205	205	209	233	142	168	177	177	154	154	184	320
OtsAC19NSNT_0565	246	266	161	227	244	246	201	233	190	234	220	228	221	283	209	233	164	168	177	197	138	138	344	380
OtsAC19NSNT_0566	242	258	159	193	206	262	203	237	194	194	222	236	205	249	177	209	138	142	177	177	138	154	184	316
OtsAC19NSNT_0572	258	266	173	229	222	240	199	227	214	218	218	226	205	233	237	237	152	184	177	197	138	162	240	328
OtsAC19NSNT_0573	234	238	185	235	250	274	199	201	190	222	220	236	197	205	229	237	146	172	189	193	138	160	320	336
OtsAC19NSNT_0576	258	262	193	227	262	286	203	237	218	226	220	220	221	233	229	229	134	134	177	177	154	154	308	372
OtsAC19NSNT_0577	242	282	161	181	250	282	199	233	210	226	220	222	233	273	181	273	160	168	177	177	154	154	316	332
OtsAC19NSNT_0583	238	278	187	189	222	240	199	237	202	214	220	222	233	237	225	233	152	168	165	177	134	154	344	344
OtsAC19NSNT_0589	238	258	133	197	250	266	201	233	198	230	222	224	197	221	229	237	146	160	177	193	154	160	312	336
OtsAC19NSNT_0590	246	286	137	165	234	270	199	201	186	234	220	228	275	291	181	213	142	168	177	193	138	160	344	352
OtsAC19NSNT_0594	234	238	137	185	246	246	193	199	186	190	220	236	205	213	233	233	168	172	165	189	154	154	320	352
OtsAC19NSNT_0596	242	242	161	161	222	234	199	221	222	222	218	222	197	233	181	225	134	138	189	193	154	154	312	324
OtsAC19NSNT_0601	242	278	115	241	250	282	201	227	186	186	212	222	221	237	205	229	160	204	177	189	154	160	292	332
OtsAC19NSNT_0613	242	270	137	161	172	226	201	227	222	234	226	228	197	205	233	261	146	164	177	189	138	156	244	252
OtsAC19NSNT_0614	250	258	227	235	250	254	199	233	252	252	206	222	205	229	209	249	142	160	177	177	134	138	328	328
OtsAC19NSNT_0617	200	218	189	193	244	244	199	201	222	234	220	228	205	209	225	229	122	152	177	221	154	160	332	360
OtsAC19NSNT_0619	242	282	115	115	206	214	201	201	210	222	228	236	205	225	261	277	168	176	177	189	138	138	272	336
OtsAC19NSNT_0627	266	278	135	197	244	254	201	237	202	222	222	236	229	233	185	237	142	184	165	165	134	154	280	406
OtsAC19NSNT_0629	246	270	115	235	222	238	201	203	230	230	212	220	221	275	229	249	164	164	165	177	154	154	316	352
OtsAC19NSNT_0631	242	258	165	189	266	274	227	233	194	198	206	236	193	233	229	245	146	176	177	177	138	138	188	336
OtsAC19NSNT_0635	270	290	191	249	250	266	199	205	218	226	222	236	205	205	181	209	138	152	177	189	138	138	324	402
OtsAC19NSNT_0638	242	258	195	247	222	234	189	201	222	234	220	228	233	263	221	257	142	152	185	189	154	154	340	360
OtsAC19NSNT_0639	238	278	135	177	206	238	193	227	222	230	206	228	205	225	205	237	146	164	177	193	138	138	328	406
OtsAC19NSNT_0641	258	270	191	193	214	240	199	227	186	218	206	228	189	205	209	277	138	152	165	177	138	160	184	324
OtsAC19NSNT_0643	270	286	115	181	244	248	233	237	182	186	220	220	205	213	205	229	138	164	177	197	134	138	336	392
OtsAC19NSNT_0644	258	262	191	235	210	266	219	233	170	218	222	236	233	233	217	233	138	146	189	193	154	154	252	288
OtsAC19NSNT_0647	246	258	181	199	206	246	219	233	222	234	212	236	225	237	221	229	142	164	165	193	134	138	188	344
OtsAC19NSNT_0651	250	266	119	173	206	262	199	219	190	234	206	218	205	213	209	281	142	184	177	193	154	154	336	348
OtsAC19NSNT_0665	200	266	161	189	248	262	201	201	202	214	222	228	229	229	225	261	142	168	177	193	134	154	316	340
OtsAC19NSNT_0674	242	282	137	201	236	262	197	205	218	222	210	212	197	237	205	237	168	172	177	189	134	156	336	422
OtsAC19NSNT_0675	262	270	227	229	206	282	227	233	174	222	220	220	201	221	233	237	160	172	177	189	138	138	336	356
OtsAC19NSNT_0685	242	262	115	177	214	258	199	201	190	214	220	222	205	249	197	249	142	152	189	193	138	138	264	348
OtsAC19NSNT_0689	266	290	153	161	252	270	199	201	230	230	222	228	225	279	181	225	164	176	189	197	138	154	280	368
OtsAC19NSNT_0699	234	278	177	181	246	254	199	201	190	226	212	228	237	263	229	229	164	180	177	177	138	160	296	336
OtsAC19NSNT_0700	238	242	177	191	248	250	233	233	234	234	220	222	237	299	181	237	164	164	177	177	154	154	308	316
OtsAC19NSNT_0704	242	262	193	197	244	266	201	237	198	226	222	236	205	233	253	257	138	152	177	193	138	156	352	406
OtsAC19NSNT_0712	238	278	181	197	250	266	201	203	190	198	220	228	209	229	181	233	152	152	177	197	138	154	188	356
OtsAC19NSNT_0718	246	258	155	219	214	222	221	237	222	222	222	228	233	263	181	237	152	184	193	201	154	154	188	336
OtsAC19NSNT_0720	242	254	161	165	250	282	199	227	186	234	220	222	237	245	229	237	160	160	177	193	134	138	324	348
OtsAC19NSNT_0729	238	266	161	165	244	266	227	237	202	222	222	222	205	221	209	297	146	164	177	197	138	160	244	406
OtsAC19NSNT_0730	234	242	203	235	266	270	201	205	226	226	222	222	205	213	249	269	142	168	177	193	134	154	188	316
OtsAC19NSNT_0732	218	238	197	245	234	240	193	199	230	234	220	222	205	233	177	233	142	164	193	193	156	158	336	348
OtsAC19NSNT_0746	226	246	115	193	238	244	201	201	230	234	220	228	205	225	213	237	146	168	177	177	138	154	312	312
OtsAC19NSNT_0751	266	290	115	137	252	278	199	233	202	230	220	222	213	233	205	229	142	172	193	193	138	154	344	352
OtsAC19NSNT_0756	234	290	115	201	214	222	197	205	218	222	236	236	221	287	177	181	152	164	177	193	154	154	244	312
OtsAC19NSNT_0766	234	262	115	165	172	222	201	237	218	230	210	236	229	237	233	237	152	172	165	197	138	154	240	332
OtsAC19NSNT_0772	262	270	191	193	250	266	203	205	218	222	220	222	221	291	209	241	134	176	177	177	134	154	372	422
OtsAC19NSNT_0778	0	0	0	0	222	266	199	233	194	222	222	228	237	241	209	209	152	152	193	213	154	160	308	352
OtsAC19NSNT_0780	262	274	115	193	230	236	199	199	190	238	220	220	197	229	181	245	152	160	177	177	134	138	336	344
OtsAC19NSNT_0781	234	254	161	203	242	266	199	233	222	238	220	220	193	237	209	241	134	152	165	193	154	154	332	332
OtsAC19NSNT_0783	246	266	137	137	270	274	203	207	194	222	214	220	189	193	177	261	142	152	177	193	154	160	316	340
OtsAC19NSNT_0788	258	266	185	235	238	266	199	233	182	222	228	236	229	237	209	229	142	142	165	177	134	154	184	348
OtsAC19NSNT_0793	226	238	191	221	242	254	203	203	186	190	0	0	0	0	229	281	142	164	177	177	138	154	288	348
OtsAC19NSNT_0795	0	0	0	0	238	250	0	0	170	194	0	0	0	0	217	257	138	160	165	189	154	154	340	352
OtsAC19NSNT_0799	238	294	181	199	206	226	197	233	170	198	220	220	205	295	241	281	168	172	165	177	134	154	280	288
OtsAC19NSNT_0801	242	242	135	193	218	250	205	233	182	190	206	222	205	279	237	261	164	180	177	197	154	154	324	352
OtsAC19NSNT_0803	262	274	191	245	254	270	199	205	222	226	220	220	197	237	213	269	152	208	165	177	154	160	312	406
OtsAC19NSNT_0804	234	242	0	0	250	282	201	237	202	230	212	236	229	275	237	261	146	152	177	217	154	154	244	288
OtsAC19NSNT_0807	254	286	185	191	244	278	205	237	222	222	212	228	205	275	209	241	134	152	177	177	138	154	188	352
OtsAC19NSNT_0808	258	270	177	191	250	266	199	233	218	222	220	236	205	205	229	277	168	212	177	189	138	154	244	352
OtsAC19NSNT_0809	266	274	189	235	256	266	207	221	198	222	220	228	205	221	241	281	160	184	177	177	134	138	288	414
OtsAC19NSNT_0810	234	258	137	187	172	246	199	201	190	230	0	0	0	0	209	237	138	164	161	217	134	154	348	352
OtsAC19NSNT_0811	200	242	235	235	234	266	201	201	182	202	228	228	197	299	229	241	138	160	177	189	138	154	336	336
OtsAC19NSNT_0812	258	270	137	173	206	206	203	237	198	222	206	220	193	201	217	249	156	160	177	193	138	154	252	414
OtsAC19NSNT_0815	200	274	161	227	172	250	199	237	170	202	222	222	201	205	217	241	142	146	177	189	154	154	336	352
OtsAC19NSNT_0820	258	270	181	197	234	274	193	203	194	234	220	224	205	205	177	241	146	152	177	189	154	154	308	336
OtsAC19NSNT_0829	254	270	139	199	242	250	207	219	202	202	206	228	221	233	221	233	142	184	177	177	138	154	240	414
OtsAC19NSNT_0001	266	274	115	181	240	266	199	219	198	214	222	236	201	205	209	277	134	142	161	213	154	154	352	406
OtsAC19NSNT_0002	258	270	115	177	172	266	199	201	198	230	228	240	237	237	225	229	134	152	177	193	134	154	184	316
OtsAC19NSNT_0007	242	258	193	193	246	266	227	237	234	234	220	228	205	275	269	273	134	152	193	197	138	162	312	340
OtsAC19NSNT_0008	200	278	187	199	206	274	199	201	186	202	214	218	225	229	217	241	160	164	177	193	138	138	308	328
OtsAC19NSNT_0009	222	270	189	189	242	270	199	201	194	222	206	216	229	283	229	261	138	146	177	177	138	138	324	336
OtsAC19NSNT_0011	238	270	191	253	214	244	221	233	178	234	212	236	205	225	217	257	138	168	165	177	138	138	308	316
OtsAC19NSNT_0015	238	262	135	197	246	270	201	203	198	218	214	228	197	233	237	261	164	176	177	193	138	154	384	406
OtsAC19NSNT_0016	242	278	115	119	230	244	193	199	230	234	220	236	193	237	217	241	134	196	189	193	154	154	320	332
OtsAC19NSNT_0023	242	278	161	161	256	274	193	199	222	230	218	220	205	291	233	261	164	168	193	197	154	154	308	324
OtsAC19NSNT_0024	242	294	135	177	234	266	199	199	190	222	206	222	197	213	245	273	134	164	177	197	138	138	332	344
OtsAC19NSNT_0027	238	278	115	235	250	250	201	201	210	230	220	228	205	233	217	241	152	172	193	197	154	154	324	348
OtsAC19NSNT_0031	250	258	187	189	254	254	199	201	222	230	218	220	221	229	233	233	138	138	177	189	154	160	188	336
OtsAC19NSNT_0032	200	278	177	187	234	274	221	233	186	202	220	228	225	233	181	241	142	160	177	177	138	138	308	328
OtsAC19NSNT_0033	218	250	189	201	244	282	233	237	186	230	218	222	233	237	241	257	160	164	165	177	160	166	332	344
OtsAC19NSNT_0034	242	258	115	233	246	250	193	201	214	226	206	228	205	229	181	241	0	0	0	0	0	0	316	316
OtsAC19NSNT_0036	242	250	201	247	246	266	207	237	186	190	222	222	279	283	177	233	134	142	193	193	138	154	332	336
OtsAC19NSNT_0037	242	242	115	219	230	244	199	207	226	234	220	222	193	197	233	241	134	168	177	217	162	162	336	348
OtsAC19NSNT_0038	234	258	177	187	240	274	201	205	230	238	220	222	193	287	233	277	142	172	177	193	154	154	188	272
OtsAC19NSNT_0039	242	282	115	205	250	250	205	233	190	230	236	236	221	233	209	261	134	184	177	189	154	166	348	380
OtsAC19NSNT_0041	242	270	177	187	236	244	199	227	230	238	220	240	267	275	181	233	152	160	165	193	138	164	288	328
OtsAC19NSNT_0047	242	286	169	199	214	248	199	199	170	222	212	220	189	275	177	273	142	152	177	177	138	154	284	328
OtsAC19NSNT_0049	258	278	191	235	230	250	201	227	214	226	212	226	205	233	273	281	138	164	189	193	138	158	240	288
OtsAC19NSNT_0051	242	282	181	201	222	248	199	199	190	202	206	236	229	229	229	237	152	164	177	177	154	154	188	356
OtsAC19NSNT_0052	258	266	181	199	214	250	221	233	218	222	222	228	197	275	181	229	134	152	165	189	154	156	300	308
OtsAC19NSNT_0055	274	274	235	243	222	266	201	219	170	222	220	222	201	205	229	277	142	142	189	193	138	156	252	340
OtsAC19NSNT_0056	266	282	135	227	222	282	199	203	186	230	220	222	221	237	221	233	164	164	165	177	138	154	316	324
OtsAC19NSNT_0057	238	258	177	227	222	262	201	227	202	230	220	220	229	287	257	257	152	168	177	177	154	154	332	406
OtsAC19NSNT_0058	242	278	115	137	242	242	203	205	186	218	220	228	229	233	281	289	142	160	177	189	138	138	336	422
OtsAC19NSNT_0059	200	242	119	173	222	230	201	207	190	190	220	228	205	283	249	273	168	184	165	189	162	166	316	324
OtsAC19NSNT_0060	200	266	135	229	230	270	205	207	210	222	220	222	237	287	233	269	138	146	189	197	154	162	324	340
OtsAC19NSNT_0061	242	270	177	181	210	238	201	233	222	312	206	220	205	221	249	261	138	184	165	177	154	162	188	336
OtsAC19NSNT_0063	238	266	187	193	240	250	201	203	194	218	220	222	205	229	205	229	134	146	177	193	138	154	276	312
OtsAC19NSNT_0064	242	246	133	253	210	254	199	199	170	234	220	222	213	273	233	233	142	142	165	197	154	160	324	340
OtsAC19NSNT_0065	242	274	119	161	172	250	221	237	170	202	222	228	205	229	205	237	146	172	177	189	154	154	336	348
OtsAC19NSNT_0066	200	274	165	227	256	262	201	227	190	226	220	222	201	201	241	245	152	152	177	177	138	160	312	348
OtsAC19NSNT_0067	238	242	161	207	230	248	199	201	222	230	214	220	205	229	177	233	160	168	177	177	138	154	184	340
OtsAC19NSNT_0068	246	258	185	241	248	270	201	237	222	230	206	236	205	237	181	261	142	164	197	197	138	154	188	316
OtsAC19NSNT_0069	242	270	181	241	242	254	201	207	222	312	206	220	229	237	201	209	142	168	193	193	138	154	272	332
OtsAC19NSNT_0072	242	270	181	227	244	266	205	227	170	230	220	228	201	205	209	217	142	172	165	189	138	160	308	348
OtsAC19NSNT_0074	238	270	197	235	230	234	201	234	170	194	206	236	209	229	181	225	134	142	177	193	134	154	340	360
OtsAC19NSNT_0075	242	250	161	237	230	244	199	199	230	234	220	236	193	209	217	261	152	156	193	193	134	156	332	332
OtsAC19NSNT_0076	266	270	141	161	250	266	203	237	198	230	220	222	205	229	205	233	142	142	189	193	138	138	280	336
OtsAC19NSNT_0079	242	242	189	235	250	270	199	201	186	222	220	222	237	267	237	257	142	168	193	197	154	160	252	272
OtsAC19NSNT_0084	258	270	157	185	244	266	201	201	190	190	214	222	205	225	177	277	164	184	177	193	138	162	236	312
OtsAC19NSNT_0086	242	258	115	235	244	250	211	221	218	226	220	222	197	237	177	177	152	156	189	217	138	138	252	344
OtsAC19NSNT_0087	234	258	193	227	242	244	201	237	190	210	228	228	189	233	181	257	164	184	189	201	138	154	308	316
OtsAC19NSNT_0088	258	274	193	195	250	266	201	201	170	202	218	222	205	283	177	217	164	164	177	193	138	160	188	320
OtsAC19NSNT_0089	218	278	177	197	244	266	233	237	186	218	220	222	233	233	241	257	142	152	165	177	138	138	316	332
OtsAC19NSNT_0092	270	270	115	115	222	266	219	233	222	230	220	220	229	273	237	273	142	168	177	193	154	166	308	324
OtsAC19NSNT_0093	230	250	177	189	242	282	193	199	174	198	236	236	205	237	213	261	138	142	177	193	138	154	184	188
OtsAC19NSNT_0094	246	294	161	193	250	278	199	237	230	230	222	228	233	275	213	229	134	164	165	165	154	160	184	344
OtsAC19NSNT_0101	200	238	173	181	214	262	203	237	170	218	236	238	193	201	209	317	142	168	165	197	138	154	300	308
OtsAC19NSNT_0102	250	278	119	161	230	236	199	199	218	234	220	220	193	237	253	261	152	156	189	213	134	156	320	336
OtsAC19NSNT_0107	262	278	137	227	242	262	199	205	182	222	222	236	237	237	181	229	164	204	177	177	134	154	184	272
OtsAC19NSNT_0108	258	258	115	161	238	250	201	233	222	226	206	220	237	287	177	217	138	164	165	193	138	138	316	406
OtsAC19NSNT_0109	238	242	137	177	250	262	193	203	226	230	212	222	229	237	237	241	134	204	165	197	154	156	332	422
OtsAC19NSNT_0113	200	274	189	193	262	266	201	203	202	230	220	236	205	229	217	225	142	146	189	189	134	138	336	336
OtsAC19NSNT_0116	266	282	185	219	250	266	227	233	186	222	222	226	205	229	233	237	138	146	177	193	138	138	340	356
OtsAC19NSNT_0119	266	270	161	231	244	250	201	221	206	234	222	222	205	205	237	261	142	164	177	197	138	154	316	340
OtsAC19NSNT_0120	242	262	195	203	214	270	199	201	222	226	206	222	205	229	225	265	138	168	177	193	154	154	316	332
OtsAC19NSNT_0123	242	242	181	247	244	288	201	227	190	222	220	236	205	233	229	257	152	164	189	189	138	154	328	356
OtsAC19NSNT_0127	234	238	201	207	234	250	201	221	170	202	220	220	229	287	205	257	134	160	177	177	138	154	340	344
OtsAC19NSNT_0128	242	278	115	219	222	244	199	233	226	234	220	222	205	287	181	209	134	146	177	177	138	154	188	316
OtsAC19NSNT_0129	242	278	115	237	230	244	199	199	218	234	220	220	193	209	253	261	134	152	189	193	134	154	320	332
OtsAC19NSNT_0131	242	242	241	245	214	234	199	207	210	230	220	228	189	275	213	229	142	172	165	193	138	154	280	316
OtsAC19NSNT_0133	242	274	137	191	206	222	199	237	198	234	206	228	197	229	269	289	134	180	177	177	134	138	316	328
OtsAC19NSNT_0134	234	242	177	235	244	250	197	201	222	230	212	220	201	237	237	297	152	160	177	177	138	154	272	324
OtsAC19NSNT_0136	246	274	157	161	248	262	203	219	194	230	222	228	193	229	237	261	142	168	177	217	138	154	188	316
OtsAC19NSNT_0140	242	266	193	237	226	266	193	199	222	234	220	236	209	237	233	253	142	164	161	193	138	154	280	312
OtsAC19NSNT_0142	250	266	115	231	234	238	199	203	190	234	222	228	193	237	205	237	134	168	177	177	154	154	328	352
OtsAC19NSNT_0143	200	258	189	233	246	262	193	201	222	230	222	228	229	273	225	241	142	142	177	193	134	154	188	340
OtsAC19NSNT_0148	270	282	161	231	230	266	199	221	194	230	220	222	205	221	209	213	142	156	165	177	154	154	316	344
OtsAC19NSNT_0149	242	250	197	201	266	282	233	237	230	234	220	222	233	233	229	237	152	164	165	177	138	138	344	352
OtsAC19NSNT_0151	270	278	115	181	246	262	205	227	170	186	222	236	205	233	249	285	134	152	165	189	134	138	284	308
OtsAC19NSNT_0152	250	258	115	189	250	250	199	201	230	230	222	228	213	233	241	273	164	176	165	177	134	154	296	344
OtsAC19NSNT_0156	234	242	187	201	230	278	203	233	182	230	206	220	237	287	229	253	164	168	165	189	154	166	336	340
OtsAC19NSNT_0157	200	258	137	187	244	250	199	201	170	190	206	218	233	275	229	241	142	172	177	193	138	138	324	340
OtsAC19NSNT_0158	258	290	197	245	0	0	199	201	190	234	218	222	201	229	229	229	142	164	165	193	138	166	324	414
OtsAC19NSNT_0161	242	242	161	181	234	240	193	199	186	222	206	206	205	205	213	241	164	224	177	197	154	158	332	344
OtsAC19NSNT_0162	238	262	197	249	250	266	201	233	198	202	220	222	237	279	233	237	146	164	177	193	134	160	312	336
OtsAC19NSNT_0163	238	262	181	253	234	250	193	199	186	234	206	228	193	273	209	233	152	212	177	193	138	154	336	352
OtsAC19NSNT_0166	200	282	137	161	222	270	201	221	190	222	228	236	197	229	225	229	142	242	193	197	156	160	320	372
OtsAC19NSNT_0168	238	238	157	165	266	266	199	233	186	190	206	222	205	213	229	245	184	184	177	193	138	154	288	384
OtsAC19NSNT_0169	200	278	177	231	234	274	199	201	170	202	218	220	229	299	181	217	160	164	177	197	138	154	308	332
OtsAC19NSNT_0171	250	250	115	191	248	266	199	201	186	226	220	236	213	237	177	209	142	146	177	197	138	154	184	312
OtsAC19NSNT_0174	262	278	189	197	266	266	199	199	194	226	222	222	213	229	173	233	142	142	177	193	138	154	336	348
OtsAC19NSNT_0177	262	278	115	195	172	266	227	237	182	222	220	222	205	229	205	241	142	172	177	193	138	162	184	312
OtsAC19NSNT_0178	262	274	115	119	248	262	207	237	198	214	220	220	205	233	237	257	146	160	177	193	154	154	352	388
OtsAC19NSNT_0179	238	238	161	197	246	270	199	227	218	234	220	222	205	213	217	249	142	164	177	193	138	154	304	348
OtsAC19NSNT_0180	200	278	115	241	266	282	205	227	186	218	212	222	221	237	225	229	152	160	177	193	134	154	292	332
OtsAC19NSNT_0184	258	286	169	253	242	274	227	237	218	230	206	222	193	205	253	265	164	164	161	193	138	138	304	356
OtsAC19NSNT_0186	266	286	177	235	214	266	199	237	218	222	212	220	229	287	233	241	168	172	177	177	154	160	188	316
OtsAC19NSNT_0187	242	258	165	219	230	234	203	233	190	226	228	228	225	233	177	217	142	146	165	193	154	160	352	406
OtsAC19NSNT_0188	238	242	137	231	244	250	193	199	222	230	228	236	213	291	221	237	160	164	177	177	134	134	344	368
OtsAC19NSNT_0189	242	266	181	181	230	282	203	237	194	202	206	214	205	233	209	225	142	164	177	189	134	138	244	308
OtsAC19NSNT_0190	266	278	193	227	230	250	199	203	218	230	220	220	205	221	209	269	138	146	177	177	138	154	276	316
OtsAC19NSNT_0192	242	242	185	193	250	266	205	221	202	234	220	222	205	229	229	289	138	138	193	193	138	156	308	344
OtsAC19NSNT_0193	242	270	161	181	266	278	205	221	218	226	218	220	213	229	225	261	138	184	177	193	134	160	316	344
OtsAC19NSNT_0198	242	270	115	235	252	262	199	237	222	222	214	218	209	233	237	257	152	156	177	193	156	158	332	380
OtsAC19NSNT_0200	270	278	181	227	250	266	201	201	170	186	206	206	205	229	201	241	152	160	177	193	138	166	312	316
OtsAC19NSNT_0201	226	278	137	191	206	266	193	199	190	226	206	222	209	237	217	229	142	164	161	193	138	154	304	312
OtsAC19NSNT_0202	266	266	181	197	222	278	201	227	186	234	222	228	221	229	257	261	134	160	193	197	138	138	312	332
OtsAC19NSNT_0204	218	234	165	181	254	266	203	221	194	234	206	236	193	233	217	257	164	168	193	217	154	154	344	352
OtsAC19NSNT_0205	234	270	137	227	244	270	199	227	190	198	228	236	205	205	177	229	142	152	193	193	156	166	320	356
OtsAC19NSNT_0208	238	242	189	235	250	266	203	227	170	202	220	220	213	225	237	253	138	138	189	193	154	156	312	316
OtsAC19NSNT_0209	242	262	115	191	244	266	201	219	218	222	220	228	193	233	181	209	138	142	177	177	134	154	324	340
OtsAC19NSNT_0212	262	278	177	221	262	262	205	237	166	170	222	222	205	229	209	229	168	204	177	177	138	154	272	316
OtsAC19NSNT_0214	250	278	115	181	238	242	203	233	0	0	222	228	193	213	229	241	142	168	177	193	138	138	0	0
OtsAC19NSNT_0215	242	258	193	245	230	250	199	199	222	234	220	222	201	233	229	229	152	172	181	193	134	154	340	348
OtsAC19NSNT_0218	258	270	161	185	206	250	201	233	222	222	206	236	205	287	217	237	138	142	165	165	134	138	340	406
OtsAC19NSNT_0221	242	258	201	219	256	266	193	205	234	234	222	222	205	237	233	249	152	164	177	197	138	156	280	320
OtsAC19NSNT_0222	266	278	137	181	242	262	199	237	218	222	222	222	213	275	229	245	152	168	177	177	138	156	0	0
OtsAC19NSNT_0223	242	242	181	193	244	262	201	205	186	218	220	228	229	233	249	281	164	164	177	189	138	138	296	316
OtsAC19NSNT_0226	238	250	157	193	250	266	199	227	226	230	220	222	213	233	241	297	142	184	165	177	154	154	376	380
OtsAC19NSNT_0227	258	270	161	219	222	238	199	227	230	230	220	236	189	283	217	229	160	164	189	189	154	154	312	340
OtsAC19NSNT_0228	234	258	115	191	242	254	205	237	190	234	206	236	197	197	237	269	138	164	177	197	138	154	284	316
OtsAC19NSNT_0229	242	242	165	227	250	278	193	199	226	234	206	222	209	229	225	249	156	184	193	193	138	138	316	340
OtsAC19NSNT_0230	262	266	137	161	242	266	203	207	194	202	206	236	205	233	181	217	142	152	165	177	154	160	288	320
OtsAC19NSNT_0231	234	242	115	177	240	266	199	237	190	194	220	222	205	221	209	245	142	172	193	197	154	154	284	340
OtsAC19NSNT_0232	258	270	181	219	230	274	201	219	226	238	206	206	237	237	181	233	142	146	177	177	138	154	336	352
OtsAC19NSNT_0233	266	278	161	185	244	250	199	201	222	230	218	220	189	237	209	257	138	152	177	189	134	138	340	352
OtsAC19NSNT_0237	238	270	137	137	222	258	227	237	222	226	220	220	229	237	233	277	142	164	177	181	154	154	352	398
OtsAC19NSNT_0239	250	258	187	189	250	266	199	201	222	230	220	222	221	275	233	233	138	142	177	189	138	160	336	414
OtsAC19NSNT_0240	258	266	119	227	206	248	193	205	222	234	220	222	197	201	177	217	142	168	177	197	138	160	184	344
OtsAC19NSNT_0242	238	278	181	227	230	250	203	227	222	226	220	220	225	273	253	277	142	164	177	181	154	154	284	406
OtsAC19NSNT_0245	242	242	115	115	244	248	227	227	218	230	220	222	193	193	181	229	156	164	177	177	138	154	316	340
OtsAC19NSNT_0249	234	238	137	235	244	250	193	201	198	234	206	236	221	249	217	237	138	160	165	189	134	138	184	316
OtsAC19NSNT_0252	242	258	161	191	246	266	227	237	226	230	220	228	205	237	233	269	142	142	177	193	138	154	236	336
OtsAC19NSNT_0255	258	282	115	115	172	262	199	237	178	214	218	222	205	229	237	277	138	164	189	197	138	154	188	328
OtsAC19NSNT_0257	242	262	115	247	250	266	201	221	218	218	220	228	201	233	177	177	152	164	177	197	138	138	184	316
OtsAC19NSNT_0258	238	270	161	191	250	266	227	237	186	226	220	222	233	273	245	297	142	164	177	177	154	160	288	376
OtsAC19NSNT_0259	266	270	181	181	242	250	233	237	218	226	222	224	237	245	181	193	146	204	177	177	134	154	324	356
OtsAC19NSNT_0261	200	286	135	189	206	266	201	201	222	226	222	228	225	233	205	245	146	160	177	189	138	154	336	352
OtsAC19NSNT_0262	258	270	177	181	250	266	205	233	182	226	220	222	193	197	237	285	142	168	177	189	134	138	236	244
OtsAC19NSNT_0264	250	270	177	191	242	266	199	201	226	226	228	236	197	197	229	233	138	142	165	177	154	154	184	380
OtsAC19NSNT_0265	246	270	165	191	250	282	199	201	186	218	220	222	233	287	177	297	142	142	177	177	154	154	376	418
OtsAC19NSNT_0267	242	278	161	181	240	250	199	201	222	230	228	236	205	229	213	245	164	224	197	197	138	158	332	344
OtsAC19NSNT_0268	238	270	137	227	230	258	227	237	222	226	206	220	213	273	233	257	142	152	177	193	154	154	352	406
OtsAC19NSNT_0269	246	262	197	253	258	282	201	207	202	234	220	224	221	233	229	233	146	164	177	177	154	154	188	356
OtsAC19NSNT_0271	242	262	119	157	262	266	201	221	230	230	220	222	233	291	209	233	142	152	177	177	134	154	184	316
OtsAC19NSNT_0272	242	274	115	181	258	262	199	233	230	230	206	222	201	233	241	245	146	152	193	197	134	162	280	324
OtsAC19NSNT_0277	242	286	115	185	250	254	193	201	206	234	220	228	193	221	233	237	142	160	177	193	138	138	316	352
OtsAC19NSNT_0278	200	238	177	189	234	288	233	237	222	226	220	228	279	299	177	217	138	160	177	193	138	138	300	324
OtsAC19NSNT_0279	242	286	177	203	226	258	227	233	166	202	220	228	273	275	181	209	168	168	165	189	154	154	312	380
OtsAC19NSNT_0282	242	250	161	241	254	266	201	227	226	238	214	228	197	229	209	277	142	164	177	193	138	154	244	344
OtsAC19NSNT_0283	234	246	137	187	256	266	227	237	186	234	222	228	205	287	237	269	142	168	177	193	154	160	308	336
OtsAC19NSNT_0284	0	0	0	0	0	0	0	0	170	190	222	228	205	233	181	269	142	176	165	177	138	154	324	336
OtsAC19NSNT_0286	242	270	169	191	266	288	199	237	170	230	220	220	193	197	253	265	142	142	193	197	134	138	304	356
OtsAC19NSNT_0289	266	278	155	231	250	254	203	221	170	190	222	228	229	233	205	237	134	168	177	177	154	154	324	340
OtsAC19NSNT_0290	238	250	177	193	222	226	193	219	190	222	220	236	205	221	225	237	142	160	177	177	154	154	340	392
OtsAC19NSNT_0293	234	270	133	227	244	270	227	227	190	198	222	228	205	273	249	261	146	160	193	193	154	156	356	372
OtsAC19NSNT_0295	270	294	161	235	230	262	199	199	182	234	220	222	275	283	181	213	164	168	177	193	138	138	252	280
OtsAC19NSNT_0298	242	274	161	161	240	270	227	229	222	230	216	220	229	233	209	233	146	152	177	177	154	154	312	328
OtsAC19NSNT_0299	200	270	189	189	172	262	193	203	170	202	222	222	229	275	217	225	146	168	177	189	138	154	336	340
OtsAC19NSNT_0301	238	270	115	241	250	282	199	201	174	222	220	220	201	233	229	253	152	164	193	197	138	138	316	316
OtsAC19NSNT_0302	238	270	177	181	246	248	193	199	210	222	214	236	201	205	261	273	164	196	177	193	138	154	184	184
OtsAC19NSNT_0305	242	262	115	227	250	282	233	237	222	234	220	222	229	245	185	229	160	172	165	193	134	138	336	348
OtsAC19NSNT_0308	250	286	177	191	172	262	233	237	194	198	220	220	205	299	241	249	146	152	177	189	154	160	312	324
OtsAC19NSNT_0309	246	278	133	177	262	270	199	199	226	234	220	220	205	273	177	229	138	142	193	197	138	138	312	324
OtsAC19NSNT_0310	250	262	137	193	250	278	205	237	218	222	220	222	221	291	229	241	134	176	177	193	154	154	372	422
OtsAC19NSNT_0311	238	258	161	181	172	238	237	237	170	186	220	236	193	221	221	229	142	164	177	177	138	154	312	352
OtsAC19NSNT_0312	254	286	115	177	240	254	199	221	190	226	220	228	181	221	181	237	142	160	193	197	138	154	316	316
OtsAC19NSNT_0315	242	278	197	235	254	254	199	201	222	230	220	222	213	275	181	233	142	142	177	189	138	154	188	336
OtsAC19NSNT_0316	242	270	161	219	172	246	203	233	190	226	220	228	193	275	177	233	142	184	165	193	154	160	336	352
OtsAC19NSNT_0317	242	250	115	161	214	234	183	199	222	226	220	226	205	233	213	245	134	138	193	193	134	154	184	352
OtsAC19NSNT_0318	242	270	161	235	210	246	199	221	222	234	220	236	205	205	237	261	146	164	193	197	138	154	316	332
OtsAC19NSNT_0319	200	242	219	227	242	266	199	201	222	230	220	236	193	303	177	225	142	142	197	197	154	154	244	344
OtsAC19NSNT_0320	270	278	133	137	250	262	203	237	186	194	216	222	213	225	225	229	164	168	177	193	154	154	312	422
OtsAC19NSNT_0321	254	262	161	221	246	262	193	205	226	230	236	236	205	237	177	281	168	204	177	177	154	154	340	368
OtsAC19NSNT_0323	234	278	193	197	214	266	201	207	222	234	222	222	193	291	213	261	138	164	165	189	138	154	316	352
OtsAC19NSNT_0326	238	242	161	253	252	256	219	221	190	222	222	228	205	275	205	225	142	168	177	193	154	154	184	252
OtsAC19NSNT_0327	234	242	115	161	238	258	199	199	190	234	222	228	205	225	217	277	134	142	177	193	134	138	340	410
OtsAC19NSNT_0328	242	278	115	177	206	222	193	201	190	238	214	220	237	299	237	281	138	152	177	177	138	138	336	348
OtsAC19NSNT_0330	258	274	161	181	206	250	201	233	190	230	220	228	201	237	233	261	152	224	165	193	154	154	316	316
OtsAC19NSNT_0331	222	254	181	189	222	266	193	203	190	230	228	228	233	279	181	265	152	212	177	189	138	138	332	348
OtsAC19NSNT_0333	238	242	189	235	266	282	227	233	202	222	220	236	213	225	181	237	138	152	189	193	156	160	312	316
OtsAC19NSNT_0334	234	242	137	169	250	266	233	237	194	198	220	222	205	229	213	257	152	164	177	193	154	154	332	352
OtsAC19NSNT_0335	238	254	165	187	214	262	201	227	218	230	212	228	197	287	177	229	142	146	177	193	134	154	308	418
OtsAC19NSNT_0337	200	242	161	161	244	256	201	227	222	230	222	228	193	229	241	257	146	152	165	197	138	138	188	308
OtsAC19NSNT_0339	250	266	199	233	262	270	199	201	170	190	228	236	233	237	233	241	160	168	177	197	138	154	276	324
OtsAC19NSNT_0340	246	250	115	181	238	242	203	233	210	230	222	228	209	233	241	257	142	168	177	193	138	138	308	328
OtsAC19NSNT_0341	200	258	163	227	230	266	199	227	218	222	206	228	201	233	229	265	134	160	181	193	134	154	344	348
OtsAC19NSNT_0342	238	242	115	135	234	266	201	227	198	222	222	236	213	237	229	249	142	160	165	193	138	160	188	348
OtsAC19NSNT_0343	258	278	181	219	244	266	211	219	194	234	206	228	197	237	177	233	152	160	161	193	138	138	252	304
OtsAC19NSNT_0344	254	286	119	177	248	258	199	199	186	190	206	220	205	225	237	261	142	196	177	189	138	154	348	406
OtsAC19NSNT_0345	242	262	115	223	266	266	201	203	230	230	220	222	221	221	233	249	152	184	165	193	154	154	316	422
OtsAC19NSNT_0346	238	250	181	227	206	222	201	201	198	230	206	220	201	237	181	181	152	164	161	193	134	138	236	316
OtsAC19NSNT_0347	238	250	189	197	254	266	199	227	194	226	218	222	201	275	181	249	134	138	177	189	138	154	312	348
OtsAC19NSNT_0349	238	258	161	193	206	250	201	227	230	234	228	236	205	205	237	273	134	168	177	197	154	162	304	312
OtsAC19NSNT_0350	246	254	193	235	172	254	199	205	194	226	222	240	193	201	229	257	142	156	177	193	134	138	316	344
OtsAC19NSNT_0355	200	242	181	249	234	266	199	199	186	190	228	236	205	233	209	285	142	164	177	177	138	138	184	324
OtsAC19NSNT_0356	246	266	137	245	262	266	227	237	190	230	216	220	221	279	181	225	152	184	177	193	138	154	336	344
OtsAC19NSNT_0358	192	258	119	253	250	264	193	233	170	182	206	236	233	237	209	233	152	212	189	193	138	166	336	348
OtsAC19NSNT_0359	234	258	219	229	238	254	201	237	226	230	218	220	193	213	181	213	152	160	177	193	138	154	188	236
OtsAC19NSNT_0362	238	258	161	191	172	266	237	237	170	222	228	236	225	291	221	297	164	168	177	193	154	154	340	352
OtsAC19NSNT_0363	246	270	161	235	238	282	199	205	186	234	212	220	205	221	177	205	138	204	165	193	138	138	328	344
OtsAC19NSNT_0364	238	258	119	119	250	264	227	233	182	202	228	236	229	237	209	237	168	184	189	193	154	154	348	348
OtsAC19NSNT_0365	242	258	115	115	222	244	199	233	202	230	220	220	193	225	241	241	134	146	177	177	154	154	336	344
OtsAC19NSNT_0366	250	262	115	241	266	288	201	201	190	202	212	236	201	237	225	241	142	152	193	193	134	138	340	344
OtsAC19NSNT_0367	242	242	115	239	222	238	199	233	222	230	220	220	213	233	249	261	160	184	161	165	154	154	184	336
OtsAC19NSNT_0369	238	286	135	137	262	270	197	227	194	230	222	228	225	237	221	237	146	160	177	197	138	154	272	328
OtsAC19NSNT_0371	242	258	137	185	250	262	197	233	194	230	220	222	205	237	237	237	168	168	165	197	138	154	272	406
OtsAC19NSNT_0375	258	262	191	235	266	270	205	207	222	226	220	220	225	225	217	229	142	152	177	193	134	154	188	414
OtsAC19NSNT_0376	242	262	133	181	242	242	199	203	230	234	218	220	193	225	237	277	146	152	177	193	134	138	280	324
OtsAC19NSNT_0377	200	270	169	181	262	274	237	237	194	230	220	236	201	221	273	317	164	168	177	177	134	154	300	316
OtsAC19NSNT_0378	242	258	191	231	250	266	199	219	190	222	206	214	205	233	181	257	142	152	177	177	138	154	236	340
OtsAC19NSNT_0379	250	270	137	155	230	250	203	237	202	230	220	222	213	233	233	237	164	164	177	193	154	154	316	324
OtsAC19NSNT_0381	250	278	135	169	256	270	201	221	190	230	220	222	193	229	237	277	152	168	177	177	154	154	340	356
OtsAC19NSNT_0383	258	258	115	119	264	266	233	237	178	182	228	236	205	233	209	237	152	152	193	197	154	160	188	344
OtsAC19NSNT_0386	234	242	221	245	214	234	201	207	210	230	220	228	189	275	229	257	142	172	193	193	154	160	280	316
OtsAC19NSNT_0388	246	290	161	235	244	250	197	199	194	230	220	240	213	237	237	257	152	176	161	189	138	154	296	344
OtsAC19NSNT_0389	250	262	177	181	266	270	203	205	190	230	222	222	205	213	177	237	146	152	189	193	134	138	236	360
OtsAC19NSNT_0390	234	270	137	269	266	278	199	227	222	230	222	236	221	273	181	237	168	184	177	193	134	138	188	344
OtsAC19NSNT_0391	238	258	173	249	250	274	201	219	226	230	220	222	205	229	181	201	138	138	189	193	154	160	240	312
OtsAC19NSNT_0392	200	266	137	193	262	270	199	237	194	226	222	238	201	237	229	317	142	164	161	165	134	138	300	312
OtsAC19NSNT_0393	246	258	137	219	206	274	199	201	230	234	220	222	221	275	237	273	184	184	177	177	134	138	188	344
OtsAC19NSNT_0395	242	278	115	193	222	244	201	203	230	230	222	228	229	283	213	237	152	160	189	189	138	138	296	308
OtsAC19NSNT_0396	246	270	137	161	266	266	199	207	218	230	218	222	213	221	205	229	146	146	177	177	154	160	336	352
OtsAC19NSNT_0399	254	262	137	165	266	288	199	201	222	226	214	220	225	233	233	237	152	164	177	189	138	154	316	328
OtsAC19NSNT_0401	242	258	115	161	222	240	201	227	222	234	228	228	197	205	217	257	146	224	189	193	156	162	252	340
OtsAC19NSNT_0403	200	242	137	193	248	266	233	233	170	198	220	228	205	225	177	217	142	160	177	197	138	138	316	332
OtsAC19NSNT_0404	258	270	137	185	248	274	201	203	194	230	220	220	205	205	213	221	152	208	177	177	154	156	336	352
OtsAC19NSNT_0407	242	262	193	235	248	250	199	205	218	226	220	222	237	237	177	237	156	188	177	189	138	138	236	320
OtsAC19NSNT_0408	200	242	189	199	248	250	201	207	202	226	206	220	205	237	229	237	164	184	177	197	138	154	188	352
OtsAC19NSNT_0409	242	258	193	197	246	266	219	227	226	234	220	220	205	275	209	269	152	152	177	193	138	154	312	340
OtsAC19NSNT_0411	222	254	177	189	206	222	203	211	230	316	220	228	233	299	181	237	138	152	177	177	138	138	332	348
OtsAC19NSNT_0412	242	242	137	181	242	244	203	205	186	218	220	228	205	233	249	281	164	164	177	189	138	160	336	422
OtsAC19NSNT_0414	238	258	197	235	262	266	199	199	170	222	206	236	205	229	181	249	142	146	177	213	154	154	288	316
OtsAC19NSNT_0415	200	266	119	161	230	250	201	201	190	214	222	228	205	229	229	237	164	168	177	189	138	154	316	328
OtsAC19NSNT_0416	258	270	115	137	172	254	233	233	170	230	218	222	193	295	229	249	134	152	165	177	134	138	328	340
OtsAC19NSNT_0419	200	278	177	245	258	288	199	233	186	226	214	220	205	237	197	317	142	176	177	177	138	154	308	422
OtsAC19NSNT_0420	258	286	119	191	206	262	203	221	190	202	220	222	221	229	181	221	138	164	185	193	154	154	244	348
OtsAC19NSNT_0422	262	286	161	233	238	250	201	237	226	230	206	220	205	205	181	261	146	164	177	177	134	162	296	316
OtsAC19NSNT_0423	242	250	115	177	242	242	199	221	190	190	206	220	229	279	181	245	142	164	165	177	138	154	320	348
OtsAC19NSNT_0424	200	270	177	235	242	286	199	219	222	234	220	228	213	237	177	181	134	152	177	193	138	160	304	312
OtsAC19NSNT_0425	242	286	135	189	172	270	201	201	198	230	220	222	225	233	221	245	134	168	177	177	138	154	328	352
OtsAC19NSNT_0426	238	266	191	195	250	254	199	199	222	222	220	228	221	287	209	297	142	160	177	177	138	138	340	410
OtsAC19NSNT_0428	234	238	161	181	266	270	201	237	190	194	214	222	197	237	217	237	138	142	177	189	138	138	304	384
OtsAC19NSNT_0431	200	242	181	189	210	266	199	205	194	230	220	228	209	287	193	269	134	172	177	177	138	154	188	328
OtsAC19NSNT_0432	258	258	161	181	222	270	199	237	190	210	220	222	201	233	181	229	134	184	177	193	138	154	188	320
OtsAC19NSNT_0433	250	262	181	193	248	270	201	227	190	226	220	220	237	273	213	261	142	168	177	197	138	154	296	344
OtsAC19NSNT_0434	242	278	115	193	242	266	199	207	198	222	220	228	205	213	225	237	164	164	177	197	138	160	236	340
OtsAC19NSNT_0435	234	278	155	231	238	254	199	203	170	190	222	228	229	233	237	237	134	164	177	177	138	154	328	352
OtsAC19NSNT_0436	222	254	115	177	206	244	193	201	190	230	214	228	237	279	181	237	146	212	165	177	138	138	332	344
OtsAC19NSNT_0437	242	278	135	161	222	250	183	201	190	222	220	228	221	275	209	241	134	242	165	177	138	162	304	344
OtsAC19NSNT_0441	242	278	157	177	240	250	201	227	202	222	206	206	205	237	229	241	164	164	177	177	156	158	344	426
OtsAC19NSNT_0443	238	266	177	219	270	278	199	227	214	226	216	218	213	233	229	233	134	168	177	177	138	154	348	376
OtsAC19NSNT_0444	250	262	115	181	244	270	201	227	226	234	220	220	205	273	181	213	142	164	177	197	154	162	296	344
OtsAC19NSNT_0445	238	242	181	189	218	244	227	237	202	226	220	222	205	233	225	269	134	152	177	213	138	162	316	426
OtsAC19NSNT_0447	218	266	161	193	222	248	201	237	186	230	206	220	197	213	249	253	152	168	177	189	138	154	320	352
OtsAC19NSNT_0448	258	270	135	189	172	254	201	237	170	230	222	236	193	205	217	221	134	146	193	197	138	154	188	336
OtsAC19NSNT_0450	270	270	119	173	250	258	199	199	170	190	222	228	267	275	173	233	134	172	177	177	138	162	308	336
OtsAC19NSNT_0454	250	250	137	227	240	266	205	221	198	218	222	228	193	279	229	269	134	168	177	177	138	154	272	380
OtsAC19NSNT_0455	250	278	181	219	250	262	201	201	190	222	206	220	197	233	209	241	168	184	177	189	154	160	184	328
OtsAC19NSNT_0456	238	286	185	189	262	282	193	207	194	234	222	238	283	291	225	229	152	164	177	177	134	156	336	380
OtsAC19NSNT_0457	242	258	235	241	244	274	201	201	190	230	220	222	189	209	221	225	152	168	177	197	138	138	308	380
OtsAC19NSNT_0458	262	278	119	137	260	262	201	203	190	230	220	220	229	233	221	237	152	152	185	193	154	166	244	348
OtsAC19NSNT_0459	242	250	177	189	210	288	205	233	210	226	206	220	205	209	261	317	152	176	165	165	138	138	316	406
OtsAC19NSNT_0461	262	278	161	161	172	250	199	201	202	234	206	228	197	225	205	225	142	160	177	189	154	154	188	348
OtsAC19NSNT_0464	254	258	115	231	250	254	199	201	178	230	222	236	193	193	181	209	172	184	165	193	138	162	332	344
OtsAC19NSNT_0465	200	242	163	249	206	222	199	203	198	222	214	222	229	237	229	277	168	168	161	189	154	166	188	332
OtsAC19NSNT_0467	246	258	115	253	240	250	199	199	186	194	212	214	233	275	181	225	164	176	177	189	138	138	344	392
OtsAC19NSNT_0468	258	286	177	235	240	286	219	237	218	234	220	220	221	237	177	213	138	164	177	193	138	156	304	332
OtsAC19NSNT_0469	200	234	161	181	250	270	201	237	198	210	216	220	221	229	233	317	168	184	177	193	138	154	244	308
OtsAC19NSNT_0470	200	254	165	227	250	262	227	233	174	222	220	222	237	245	185	229	160	172	165	193	134	138	336	348
OtsAC19NSNT_0471	258	262	197	249	266	282	201	233	198	202	216	224	197	221	229	233	134	160	177	197	134	160	332	356
OtsAC19NSNT_0472	258	270	181	181	244	250	199	221	222	234	206	220	229	233	233	237	152	160	161	193	134	138	252	304
OtsAC19NSNT_0473	238	254	115	193	254	270	199	205	230	234	214	222	201	237	229	257	142	168	165	177	134	138	316	340
OtsAC19NSNT_0474	262	262	227	253	244	286	199	201	218	226	222	222	225	233	209	233	160	164	177	185	138	154	332	340
OtsAC19NSNT_0475	238	242	115	253	250	264	193	205	182	186	220	236	237	273	209	229	184	212	193	193	138	154	336	344
OtsAC19NSNT_0477	242	274	161	211	244	282	199	203	170	222	220	222	193	283	189	297	160	204	177	177	138	154	288	352
OtsAC19NSNT_0480	266	274	115	227	238	250	201	201	182	222	206	222	193	205	181	237	134	172	161	177	154	162	252	336
OtsAC19NSNT_0481	266	270	135	181	222	282	199	227	230	230	220	222	201	237	213	241	142	152	165	177	138	162	312	332
OtsAC19NSNT_0482	242	282	181	227	222	288	227	237	230	234	220	236	205	237	237	277	138	152	165	177	134	134	304	340
OtsAC19NSNT_0485	234	258	193	227	242	244	193	237	190	210	222	228	233	287	181	213	142	164	165	193	154	154	236	236
OtsAC19NSNT_0487	242	258	177	181	222	270	227	237	230	238	220	236	205	275	229	249	152	160	177	189	138	154	324	336
OtsAC19NSNT_0489	238	282	165	193	262	266	199	201	182	182	220	222	237	287	205	245	164	172	165	165	138	138	240	312
OtsAC19NSNT_0491	242	278	181	189	206	244	203	211	230	316	228	228	237	299	237	281	138	146	177	189	138	138	332	348
OtsAC19NSNT_0493	242	258	177	189	250	270	201	219	170	170	206	220	193	205	181	221	134	138	165	197	138	156	188	304
OtsAC19NSNT_0496	242	266	115	161	222	246	197	199	190	202	212	220	213	225	245	257	168	200	165	177	154	154	340	344
OtsAC19NSNT_0499	258	258	181	235	222	240	233	237	190	226	218	220	237	275	177	249	156	164	165	193	154	154	304	332
OtsAC19NSNT_0501	270	282	189	191	222	250	201	227	198	226	206	220	221	233	177	281	142	152	177	193	154	160	316	324
OtsAC19NSNT_0503	258	286	201	219	230	266	199	205	186	194	212	220	209	275	229	261	138	142	177	177	138	154	188	312
OtsAC19NSNT_0504	250	262	181	181	242	288	199	201	222	230	222	226	209	233	205	245	160	168	177	197	162	162	316	360
OtsAC19NSNT_0505	258	262	191	235	210	278	219	233	170	218	222	236	229	233	233	249	138	138	177	193	138	162	288	340
OtsAC19NSNT_0506	238	278	161	197	172	254	203	233	190	198	222	222	205	205	257	265	138	138	177	189	154	154	236	332
OtsAC19NSNT_0507	242	254	137	227	206	206	199	237	186	234	220	222	201	229	177	257	142	164	193	197	138	162	188	344
OtsAC19NSNT_0509	234	266	153	161	244	282	189	193	178	190	206	214	189	283	237	257	160	180	189	193	138	138	308	340
OtsAC19NSNT_0510	254	258	137	211	250	254	193	237	182	226	210	214	205	287	229	265	146	172	197	217	138	160	284	344
OtsAC19NSNT_0511	238	258	161	197	206	250	201	227	222	230	220	228	205	205	237	273	134	168	177	193	138	162	304	312
OtsAC19NSNT_0513	266	290	115	137	246	254	207	219	202	230	206	222	205	233	205	229	142	152	193	217	138	154	184	352
OtsAC19NSNT_0517	270	286	181	189	244	258	201	201	194	198	220	222	205	205	217	249	142	142	161	193	138	138	348	372
OtsAC19NSNT_0518	234	242	115	227	242	252	201	227	202	230	222	222	205	225	245	245	160	184	193	217	138	154	288	340
OtsAC19NSNT_0519	258	270	161	181	172	238	201	237	170	222	228	236	221	225	221	229	142	168	165	177	138	154	340	352
OtsAC19NSNT_0522	274	278	213	235	270	278	207	233	170	186	214	218	193	209	229	277	134	142	197	217	154	156	288	316
OtsAC19NSNT_0523	242	262	197	203	266	278	199	227	226	226	220	222	213	237	173	233	134	142	177	193	134	154	316	348
OtsAC19NSNT_0524	242	286	181	189	244	258	201	221	194	198	206	222	205	205	185	249	142	152	165	217	138	154	304	332
OtsAC19NSNT_0525	270	278	177	227	250	266	199	199	170	186	206	206	197	205	241	241	152	184	177	177	138	166	280	316
OtsAC19NSNT_0526	234	238	185	235	250	274	199	207	190	202	216	236	197	205	229	269	160	172	193	197	138	160	316	336
OtsAC19NSNT_0528	242	270	169	219	266	266	205	237	186	198	206	214	201	213	229	253	142	164	177	193	156	162	184	348
OtsAC19NSNT_0529	234	262	115	181	244	266	199	201	190	234	220	228	221	237	209	237	164	188	193	197	138	154	252	284
OtsAC19NSNT_0533	242	258	177	193	244	266	201	233	222	238	228	236	233	237	205	297	142	146	177	193	138	160	340	348
OtsAC19NSNT_0534	242	278	187	235	254	254	199	237	194	230	218	222	213	275	181	233	138	138	177	189	154	160	312	414
OtsAC19NSNT_0535	246	270	181	243	250	286	199	227	190	222	206	228	205	237	221	269	152	196	177	193	154	162	284	332
OtsAC19NSNT_0536	242	242	181	191	238	246	207	227	222	234	220	228	193	225	177	257	152	168	177	189	138	138	288	328
OtsAC19NSNT_0537	200	278	137	169	258	274	205	237	210	230	206	220	193	201	253	253	160	168	177	177	156	160	184	320
OtsAC19NSNT_0543	242	278	177	189	206	222	193	203	190	230	228	228	237	299	265	281	146	212	177	189	138	138	336	348
OtsAC19NSNT_0544	242	278	161	201	172	246	227	233	198	226	222	236	225	229	217	241	142	152	165	177	154	154	312	356
OtsAC19NSNT_0548	262	286	161	233	238	250	227	237	226	230	220	220	205	205	181	261	152	164	177	189	134	138	296	316
OtsAC19NSNT_0550	242	278	115	199	244	250	201	221	222	234	220	222	193	193	229	261	152	156	177	177	134	138	316	340
OtsAC19NSNT_0552	246	270	135	177	172	230	205	237	198	214	220	220	213	237	181	241	142	164	177	189	138	156	292	324
OtsAC19NSNT_0554	238	270	173	181	234	250	201	205	174	186	210	236	229	233	205	241	138	164	177	193	138	154	328	352
OtsAC19NSNT_0556	274	282	161	161	222	282	221	233	166	230	220	220	225	233	237	241	160	184	177	213	134	138	300	348
OtsAC19NSNT_0557	242	262	115	119	230	236	199	199	186	238	220	222	193	275	237	245	152	160	165	189	134	138	308	344
OtsAC19NSNT_0558	254	270	139	177	206	242	221	237	222	230	228	236	197	229	173	233	138	160	165	217	154	160	336	344
OtsAC19NSNT_0561	200	274	193	227	250	262	201	201	182	202	206	236	193	273	237	273	142	172	177	177	154	162	336	336
OtsAC19NSNT_0562	246	270	181	197	250	274	199	201	230	238	228	228	197	213	229	237	142	168	177	193	154	154	316	352
OtsAC19NSNT_0563	242	278	161	173	210	266	199	227	170	202	222	228	205	245	241	265	146	152	177	189	134	162	320	328
OtsAC19NSNT_0564	258	278	181	197	210	244	199	207	190	194	220	220	205	233	261	261	142	184	165	189	138	154	336	340
OtsAC19NSNT_0567	270	270	161	223	234	274	227	227	198	218	218	222	221	273	217	249	142	142	193	193	138	138	344	348
OtsAC19NSNT_0569	238	262	191	227	254	266	193	201	190	222	220	220	221	279	177	269	146	168	177	177	154	160	296	316
OtsAC19NSNT_0570	250	258	177	235	254	262	201	203	198	198	220	222	209	291	181	249	176	184	177	177	134	138	184	276
OtsAC19NSNT_0571	262	274	163	191	254	270	199	205	222	222	220	220	205	279	213	229	152	208	165	177	138	160	188	296
OtsAC19NSNT_0574	258	266	161	177	254	270	201	219	214	230	216	236	229	233	229	237	152	168	165	189	154	154	244	328
OtsAC19NSNT_0575	262	270	161	231	206	266	201	205	226	234	220	236	193	225	225	277	152	164	177	197	138	162	272	388
OtsAC19NSNT_0578	242	282	181	253	244	252	199	207	202	230	220	220	209	233	173	261	146	146	177	177	138	154	188	352
OtsAC19NSNT_0579	238	290	137	227	172	222	221	233	198	222	206	220	205	237	177	237	152	164	177	193	134	138	316	348
OtsAC19NSNT_0580	258	270	153	181	222	250	201	237	222	234	206	222	197	205	177	217	164	164	177	189	138	138	188	332
OtsAC19NSNT_0581	200	242	115	165	250	266	199	201	194	198	222	228	201	233	233	245	134	168	177	189	138	154	356	356
OtsAC19NSNT_0582	238	262	161	197	246	256	201	227	230	234	220	222	213	233	173	217	134	168	165	177	138	154	348	352
OtsAC19NSNT_0584	200	242	161	219	236	288	199	233	170	198	206	220	209	237	221	269	146	172	197	213	138	154	304	348
OtsAC19NSNT_0585	246	278	161	241	262	282	199	205	186	186	212	220	205	221	225	277	134	204	177	189	138	154	344	410
OtsAC19NSNT_0586	254	278	115	177	222	266	201	211	190	238	228	228	233	279	181	265	146	212	165	177	138	138	336	344
OtsAC19NSNT_0587	262	282	161	233	244	258	201	233	186	234	220	222	233	233	233	281	138	142	177	177	138	154	244	288
OtsAC19NSNT_0588	258	274	137	161	236	254	201	233	202	222	220	222	193	197	229	241	160	168	177	177	134	138	336	356
OtsAC19NSNT_0591	270	286	177	205	266	282	237	237	182	218	206	228	205	233	201	269	146	152	177	177	138	162	188	188
OtsAC19NSNT_0592	242	246	115	115	244	266	201	237	210	222	222	228	225	229	237	249	146	164	165	177	138	154	340	352
OtsAC19NSNT_0593	242	286	191	247	210	266	203	219	218	226	220	228	233	275	233	257	164	168	177	177	138	154	284	340
OtsAC19NSNT_0595	242	286	197	219	206	266	201	219	194	226	218	220	225	275	213	249	188	188	177	189	138	154	312	320
OtsAC19NSNT_0597	200	274	189	223	240	242	199	205	198	222	220	222	193	237	229	229	142	142	177	177	138	154	188	380
OtsAC19NSNT_0598	242	278	115	161	230	242	197	237	218	230	212	212	283	287	209	241	146	164	177	177	154	166	316	320
OtsAC19NSNT_0599	234	238	161	189	244	250	221	227	202	230	222	236	213	237	245	317	164	242	177	177	154	154	188	236
OtsAC19NSNT_0600	258	270	161	219	206	206	199	221	194	194	206	206	209	229	233	273	142	176	177	177	138	154	280	328
OtsAC19NSNT_0602	242	278	137	191	254	254	201	219	182	202	212	220	193	205	181	249	146	164	177	189	138	160	304	328
OtsAC19NSNT_0603	238	238	133	233	222	250	199	201	182	230	220	222	237	279	229	233	134	160	177	197	134	160	332	336
OtsAC19NSNT_0604	246	262	177	231	250	288	201	201	190	222	228	228	209	275	229	241	138	138	189	193	154	162	312	372
OtsAC19NSNT_0605	242	258	187	235	246	256	199	199	190	226	212	236	233	275	229	237	152	164	177	189	138	154	188	316
OtsAC19NSNT_0606	266	270	193	235	250	286	201	203	218	226	222	222	229	233	205	229	134	142	177	193	154	160	276	316
OtsAC19NSNT_0607	242	250	183	219	234	266	201	227	190	190	222	236	197	279	177	209	184	212	165	177	154	154	184	340
OtsAC19NSNT_0608	270	294	137	181	214	266	233	237	182	198	220	222	221	229	237	257	134	152	165	177	154	154	316	340
OtsAC19NSNT_0611	238	242	191	195	240	282	199	199	198	222	212	228	205	233	241	273	160	184	177	177	154	160	312	340
OtsAC19NSNT_0612	250	258	115	137	250	266	201	237	222	234	220	236	229	233	181	249	146	184	177	177	138	154	340	356
OtsAC19NSNT_0615	258	286	157	251	244	282	201	233	198	230	206	222	229	275	229	265	152	168	165	165	134	162	284	320
OtsAC19NSNT_0616	258	278	189	191	266	282	221	227	170	218	220	222	209	241	193	297	152	152	189	221	154	154	312	316
OtsAC19NSNT_0618	258	294	235	235	246	256	199	199	182	190	212	220	221	283	181	181	164	168	189	193	138	154	252	316
OtsAC19NSNT_0620	242	246	227	237	222	238	199	199	186	226	222	236	205	221	205	257	142	164	177	189	134	154	328	340
OtsAC19NSNT_0621	238	242	173	187	242	250	201	201	198	226	222	236	193	233	201	213	138	168	177	189	138	138	308	328
OtsAC19NSNT_0622	242	270	115	241	250	282	205	227	186	218	222	222	221	237	205	229	160	204	177	193	134	138	292	332
OtsAC19NSNT_0623	242	286	115	115	250	250	237	237	198	222	222	228	213	291	181	217	146	164	177	197	154	160	236	344
OtsAC19NSNT_0624	242	242	135	165	172	234	203	233	190	226	228	228	193	275	221	233	146	164	165	177	138	154	336	352
OtsAC19NSNT_0626	262	290	115	245	244	274	199	199	198	222	220	228	205	229	237	241	138	164	177	193	138	154	304	316
OtsAC19NSNT_0628	242	258	115	189	222	266	199	237	222	226	206	228	225	229	229	273	152	164	177	197	138	154	272	340
OtsAC19NSNT_0630	254	270	139	199	250	258	199	207	202	202	206	228	205	221	221	233	142	184	177	177	138	154	188	414
OtsAC19NSNT_0632	246	258	155	219	214	222	201	237	222	222	222	222	205	233	209	241	142	184	165	189	154	156	352	360
OtsAC19NSNT_0633	242	278	181	189	222	266	193	201	190	238	228	228	233	299	181	237	138	146	177	177	138	138	336	348
OtsAC19NSNT_0636	254	282	177	191	222	262	201	207	202	222	206	220	221	275	177	217	138	152	165	177	138	138	188	252
OtsAC19NSNT_0637	234	242	119	161	248	266	199	221	170	194	220	236	213	233	181	213	152	164	189	197	154	154	320	336
OtsAC19NSNT_0640	258	266	181	253	244	266	211	233	226	234	220	228	237	275	177	273	134	152	189	193	138	138	252	332
OtsAC19NSNT_0642	242	258	219	227	226	266	193	199	182	198	222	236	225	287	181	237	142	180	165	193	138	158	316	316
OtsAC19NSNT_0645	242	246	191	227	250	278	201	233	186	234	220	222	205	233	225	229	138	168	193	193	154	154	316	340
OtsAC19NSNT_0646	262	286	135	195	246	248	201	233	226	234	220	222	263	275	209	257	142	146	165	177	134	138	264	372
OtsAC19NSNT_0648	262	286	227	233	250	278	201	237	230	230	210	220	193	229	181	237	152	152	177	193	134	156	320	344
OtsAC19NSNT_0649	238	278	165	177	206	266	205	233	190	230	218	220	197	209	229	237	168	180	193	193	138	154	336	352
OtsAC19NSNT_0650	246	290	115	119	238	242	199	199	186	222	220	220	205	275	233	277	134	142	177	193	138	162	340	410
OtsAC19NSNT_0652	242	258	115	137	226	250	199	233	222	230	206	206	205	287	177	181	168	172	165	177	138	154	320	406
OtsAC19NSNT_0653	192	262	227	253	250	254	201	233	170	222	220	228	193	273	209	233	146	152	177	177	138	154	312	336
OtsAC19NSNT_0654	242	266	115	189	206	242	221	221	186	230	220	220	225	279	225	253	134	146	161	165	154	154	296	320
OtsAC19NSNT_0655	234	258	157	193	222	258	199	237	230	230	222	222	197	233	233	233	142	184	193	193	154	162	332	340
OtsAC19NSNT_0656	238	270	181	193	214	250	205	207	194	218	236	238	193	221	177	285	142	168	165	193	134	134	296	300
OtsAC19NSNT_0657	242	278	161	235	238	282	199	205	218	234	220	222	205	221	177	205	134	152	177	193	138	138	292	410
OtsAC19NSNT_0658	242	242	115	257	244	262	193	237	230	230	212	220	225	279	241	253	146	180	161	165	154	160	296	336
OtsAC19NSNT_0659	238	250	177	181	260	266	203	237	202	234	222	222	205	209	177	209	146	152	189	193	134	154	348	360
OtsAC19NSNT_0661	242	302	115	197	242	250	201	233	226	230	210	220	193	233	205	229	142	156	161	177	134	162	284	332
OtsAC19NSNT_0662	242	262	115	191	244	266	199	201	198	222	222	222	233	275	181	225	142	164	177	189	134	154	252	324
OtsAC19NSNT_0663	234	254	189	227	172	206	203	205	230	234	220	222	209	229	177	217	142	142	165	193	138	154	312	344
OtsAC19NSNT_0664	266	270	177	189	242	266	193	233	182	234	228	228	205	237	221	253	142	168	189	193	138	160	188	292
OtsAC19NSNT_0666	254	274	181	233	214	266	211	233	218	230	212	220	225	299	181	257	138	168	165	177	138	154	308	344
OtsAC19NSNT_0667	282	282	191	227	234	262	227	237	210	222	220	220	233	237	221	229	152	156	177	177	154	162	328	356
OtsAC19NSNT_0668	238	270	137	205	246	250	201	237	174	230	222	236	221	287	177	269	164	180	193	197	138	154	308	356
OtsAC19NSNT_0669	242	258	165	189	266	274	193	233	194	218	206	236	205	233	229	245	164	168	177	193	138	154	188	336
OtsAC19NSNT_0670	234	274	191	193	248	266	201	233	226	230	222	236	205	229	181	181	156	164	193	193	154	154	236	340
OtsAC19NSNT_0671	262	270	177	197	244	270	201	227	186	226	220	222	201	233	173	229	142	156	189	193	154	156	312	414
OtsAC19NSNT_0672	258	274	137	235	244	274	201	203	190	218	222	228	205	229	181	241	134	184	189	197	138	154	312	380
OtsAC19NSNT_0673	200	294	177	235	206	244	237	237	230	238	220	220	197	233	233	237	138	152	177	193	154	160	312	340
OtsAC19NSNT_0676	242	258	191	195	266	266	203	205	226	226	206	220	221	229	225	229	152	184	177	177	138	154	276	356
OtsAC19NSNT_0677	258	262	115	177	250	270	199	199	226	234	212	220	193	221	217	217	164	164	165	177	160	162	316	336
OtsAC19NSNT_0678	238	258	173	249	222	266	219	227	170	226	220	236	205	229	205	241	138	138	177	193	134	154	272	312
OtsAC19NSNT_0679	242	286	173	219	240	254	201	205	186	202	220	228	201	229	181	229	152	160	177	189	138	138	308	352
OtsAC19NSNT_0680	200	262	115	223	250	282	201	227	198	198	220	220	205	221	229	233	142	184	177	177	134	138	288	372
OtsAC19NSNT_0681	242	286	181	193	266	282	193	199	190	190	220	236	273	279	177	249	138	160	177	177	138	154	300	316
OtsAC19NSNT_0682	192	274	137	199	230	262	205	227	230	230	220	222	205	213	217	233	160	168	177	197	154	154	276	348
OtsAC19NSNT_0683	266	278	219	227	246	254	201	233	194	218	218	220	197	229	181	249	138	180	177	193	134	154	316	336
OtsAC19NSNT_0687	242	278	203	247	214	244	201	219	186	218	228	236	229	233	249	261	142	146	177	193	138	154	308	340
OtsAC19NSNT_0688	270	270	177	181	214	250	193	201	190	226	222	228	209	273	209	229	164	168	181	189	154	162	272	312
OtsAC19NSNT_0690	242	258	181	227	214	230	207	207	198	230	218	220	225	233	205	233	134	134	189	193	138	156	316	332
OtsAC19NSNT_0691	238	254	177	199	250	266	201	205	186	226	220	236	225	237	265	297	138	164	193	197	138	162	272	320
OtsAC19NSNT_0693	222	270	115	233	242	282	201	207	190	222	206	220	213	241	241	277	142	176	165	189	154	156	332	406
OtsAC19NSNT_0695	242	266	161	197	234	250	221	227	190	214	216	220	197	233	177	233	138	160	177	189	138	154	244	308
OtsAC19NSNT_0696	238	270	133	199	266	274	203	237	218	230	206	236	193	205	181	245	134	138	177	177	134	138	236	320
OtsAC19NSNT_0697	242	246	157	227	254	262	205	219	202	230	236	236	213	221	229	241	152	172	177	189	138	138	280	304
OtsAC19NSNT_0698	254	254	181	189	246	250	199	237	186	218	220	222	193	197	205	229	152	164	177	193	160	160	296	340
OtsAC19NSNT_0702	250	270	137	177	244	262	199	203	222	226	220	222	221	233	185	269	138	142	165	189	154	154	324	336
OtsAC19NSNT_0703	226	242	157	161	250	256	199	207	190	230	220	222	189	303	237	261	142	160	185	193	134	138	320	344
OtsAC19NSNT_0705	250	254	185	227	206	262	201	237	198	234	220	222	225	237	233	277	142	160	165	177	138	154	252	316
OtsAC19NSNT_0706	250	270	177	191	242	254	201	207	222	230	220	220	233	273	185	269	142	172	193	193	138	154	252	336
OtsAC19NSNT_0707	234	270	177	189	206	242	199	237	222	222	228	236	205	233	229	269	156	164	161	193	154	158	340	380
OtsAC19NSNT_0708	258	270	163	191	230	274	193	237	222	222	206	220	229	291	233	261	168	172	177	177	138	154	332	340
OtsAC19NSNT_0709	242	242	181	235	244	266	233	237	226	230	220	228	205	233	177	209	134	152	189	189	138	160	328	348
OtsAC19NSNT_0710	218	258	137	235	250	262	201	233	182	222	220	236	205	275	181	265	146	164	177	197	138	138	304	316
OtsAC19NSNT_0711	246	250	181	231	222	250	199	207	222	222	222	236	205	221	237	269	142	152	177	177	138	138	236	426
OtsAC19NSNT_0713	246	282	115	227	214	270	205	207	202	230	206	220	225	233	181	205	146	160	165	193	134	138	252	316
OtsAC19NSNT_0714	242	262	219	245	244	266	199	201	226	230	220	220	193	221	241	289	146	146	177	177	154	158	316	316
OtsAC19NSNT_0715	242	266	161	211	250	270	199	201	186	194	214	220	205	229	181	297	152	160	161	217	134	142	296	320
OtsAC19NSNT_0716	234	250	199	235	246	266	201	207	186	190	220	222	279	283	177	269	134	142	165	189	138	154	328	332
OtsAC19NSNT_0717	262	266	177	181	254	254	193	199	170	230	228	236	205	241	209	261	142	164	165	177	154	154	188	332
OtsAC19NSNT_0719	242	278	181	191	254	254	199	201	182	202	206	220	193	213	177	181	146	164	177	189	134	154	312	340
OtsAC19NSNT_0721	258	266	189	235	242	262	201	237	190	222	206	220	201	205	249	249	138	164	165	193	154	160	312	340
OtsAC19NSNT_0722	242	266	115	191	244	282	199	227	194	230	220	220	225	237	181	185	134	164	177	193	154	162	184	344
OtsAC19NSNT_0723	234	242	115	135	214	270	199	199	190	226	220	228	205	221	225	261	164	196	189	193	154	154	252	332
OtsAC19NSNT_0724	234	238	161	177	244	250	227	227	182	186	220	220	283	291	217	289	172	176	165	177	138	156	352	360
OtsAC19NSNT_0725	270	278	193	197	250	278	201	205	186	202	206	228	197	213	249	253	160	168	177	193	138	138	236	324
OtsAC19NSNT_0726	200	238	181	207	248	274	205	227	210	222	206	220	193	201	217	261	168	196	177	189	154	156	184	406
OtsAC19NSNT_0727	222	258	115	161	242	266	199	201	202	230	220	228	205	229	201	253	184	184	165	177	138	138	236	320
OtsAC19NSNT_0728	200	254	137	161	244	262	189	199	222	230	220	228	221	233	241	249	142	152	177	193	134	138	284	308
OtsAC19NSNT_0733	242	258	193	235	244	250	205	211	0	0	222	228	197	237	177	237	152	156	177	189	138	138	236	320
OtsAC19NSNT_0734	266	274	157	191	222	240	233	237	198	230	220	222	225	279	225	233	164	204	193	197	154	162	324	340
OtsAC19NSNT_0735	242	258	201	235	172	222	201	233	218	226	206	228	205	213	181	241	138	142	177	177	138	154	332	392
OtsAC19NSNT_0736	274	282	115	197	242	250	201	233	222	230	220	222	209	233	205	229	142	142	177	177	134	138	332	344
OtsAC19NSNT_0738	250	258	181	193	214	266	199	233	198	218	220	220	197	221	177	253	134	152	177	193	138	154	316	336
OtsAC19NSNT_0739	270	282	137	181	240	250	201	233	198	222	206	236	221	275	249	257	142	142	193	197	154	154	188	308
OtsAC19NSNT_0740	270	274	189	193	244	256	205	233	198	230	220	222	193	233	181	209	138	146	189	197	154	162	348	356
OtsAC19NSNT_0741	274	290	177	195	248	256	201	219	218	222	222	222	221	225	169	241	138	146	177	193	142	154	276	336
OtsAC19NSNT_0742	200	270	191	235	240	254	193	201	170	186	212	228	201	229	209	229	142	164	177	177	138	138	304	312
OtsAC19NSNT_0743	242	254	165	227	250	282	199	227	174	222	206	222	221	237	229	237	160	172	177	193	134	138	336	348
OtsAC19NSNT_0744	258	270	137	191	266	274	201	201	182	234	220	220	197	205	177	181	164	164	177	193	138	154	308	324
OtsAC19NSNT_0745	238	266	161	227	172	282	199	233	222	230	220	222	273	275	177	261	146	168	177	189	134	138	268	312
OtsAC19NSNT_0747	200	286	165	227	246	262	207	227	190	202	222	222	197	201	229	245	152	152	177	177	154	160	312	348
OtsAC19NSNT_0748	266	282	115	135	214	250	201	201	222	226	222	222	213	279	233	285	138	142	165	193	138	138	280	320
OtsAC19NSNT_0749	270	286	235	235	234	244	199	237	198	210	216	222	201	233	181	273	152	160	165	177	154	154	308	316
OtsAC19NSNT_0750	258	274	137	205	242	266	201	205	170	190	228	228	205	229	237	265	142	164	193	193	154	154	328	336
OtsAC19NSNT_0752	242	270	115	165	244	266	205	205	222	230	206	214	233	237	237	237	142	142	177	185	134	138	184	316
OtsAC19NSNT_0753	242	262	165	227	250	262	227	233	174	222	206	222	221	237	185	229	160	160	165	177	138	160	324	332
OtsAC19NSNT_0754	238	278	185	193	206	214	201	233	190	234	206	220	229	291	217	237	138	152	177	193	138	160	328	340
OtsAC19NSNT_0755	242	266	167	201	250	286	207	221	170	230	220	220	193	221	213	249	146	172	177	193	134	138	284	352
OtsAC19NSNT_0757	238	250	135	253	234	270	199	227	186	336	206	220	221	225	237	273	134	152	177	197	138	162	348	360
OtsAC19NSNT_0758	200	278	199	237	210	282	203	233	222	230	206	214	229	233	229	233	160	164	213	217	138	154	188	312
OtsAC19NSNT_0759	226	274	157	181	234	278	199	221	222	226	206	220	233	275	173	277	138	160	189	213	138	162	320	320
OtsAC19NSNT_0760	258	278	197	205	218	250	199	233	178	186	206	222	229	229	177	233	146	152	165	177	134	162	304	352
OtsAC19NSNT_0761	226	242	197	227	246	270	201	207	198	226	212	222	205	229	237	241	146	160	165	193	154	162	344	352
OtsAC19NSNT_0763	218	242	177	219	234	254	201	227	222	230	206	220	233	275	181	245	142	184	177	193	138	154	320	344
OtsAC19NSNT_0764	242	258	197	207	182	266	199	237	182	186	212	228	275	283	217	273	134	138	165	193	138	160	348	352
OtsAC19NSNT_0765	238	254	115	193	172	254	199	237	194	234	222	240	201	237	229	257	142	156	177	193	138	138	344	344
OtsAC19NSNT_0767	266	278	177	191	254	256	201	205	186	226	220	220	197	233	181	205	142	146	193	197	138	156	316	332
OtsAC19NSNT_0768	210	242	181	181	240	274	207	221	170	234	212	220	233	275	181	261	152	164	177	197	134	154	236	336
OtsAC19NSNT_0770	266	270	137	181	242	248	193	201	190	210	220	220	273	283	249	261	164	168	177	193	138	154	284	312
OtsAC19NSNT_0773	238	262	137	195	260	266	221	237	202	234	220	222	209	213	213	237	146	152	189	193	154	160	348	360
OtsAC19NSNT_0775	200	266	197	227	236	238	205	233	190	230	218	220	205	237	193	225	138	142	193	193	138	154	308	340
OtsAC19NSNT_0776	242	242	115	135	240	250	205	205	194	202	220	222	205	237	181	253	156	172	177	193	138	154	236	308
OtsAC19NSNT_0777	0	0	0	0	222	266	0	0	186	226	0	0	221	229	249	273	134	160	193	193	138	138	312	332
OtsAC19NSNT_0779	254	258	191	235	250	266	201	233	222	226	206	222	209	225	209	233	152	172	177	177	138	154	312	394
OtsAC19NSNT_0782	266	278	181	181	250	274	201	233	218	226	220	236	237	245	181	245	142	142	177	193	134	154	236	344
OtsAC19NSNT_0784	246	270	163	191	242	274	201	237	222	230	206	222	229	291	233	261	146	172	177	193	138	154	320	324
OtsAC19NSNT_0785	242	242	173	177	242	266	193	199	230	230	220	228	205	299	181	237	168	212	165	165	138	156	340	344
OtsAC19NSNT_0786	0	0	0	0	250	254	0	0	194	194	0	0	201	233	177	249	142	142	177	197	138	160	284	402
OtsAC19NSNT_0787	258	262	185	199	234	248	193	203	178	202	210	220	205	221	229	237	146	156	177	189	138	138	236	400
OtsAC19NSNT_0789	242	290	181	191	240	266	203	227	182	226	222	222	193	283	205	229	152	204	177	193	138	138	316	344
OtsAC19NSNT_0790	274	282	135	187	234	248	201	219	182	218	220	222	205	233	173	257	142	160	197	213	162	162	320	352
OtsAC19NSNT_0791	238	238	191	199	244	270	199	205	190	222	214	220	193	283	233	277	152	160	165	177	138	166	244	328
OtsAC19NSNT_0792	246	246	141	253	246	258	199	201	174	234	220	236	221	233	177	265	152	164	177	189	154	158	320	340
OtsAC19NSNT_0794	266	290	135	181	222	240	199	201	222	230	214	228	233	275	185	269	164	164	165	165	138	154	296	312
OtsAC19NSNT_0796	234	262	115	193	230	246	199	207	218	222	222	228	221	233	249	265	146	152	165	193	138	154	348	422
OtsAC19NSNT_0797	238	238	191	235	242	248	193	201	202	222	206	236	205	229	177	233	146	146	177	197	138	138	316	324
OtsAC19NSNT_0798	254	262	181	193	222	288	199	199	178	186	222	222	193	205	237	269	146	152	177	213	134	166	332	376
OtsAC19NSNT_0800	242	242	115	169	246	266	193	227	202	230	212	228	205	225	177	225	138	152	177	197	154	154	328	336
OtsAC19NSNT_0802	234	246	161	173	242	242	233	233	222	230	220	228	189	275	261	277	130	134	177	193	154	154	332	340
OtsAC19NSNT_0805	200	242	115	219	250	266	199	237	198	222	220	236	205	221	233	237	142	146	165	197	138	154	244	296
OtsAC19NSNT_0806	274	282	119	137	210	222	221	221	222	230	210	220	209	237	205	225	134	142	161	177	138	166	284	332
OtsAC19NSNT_0814	210	278	169	233	246	266	219	237	170	186	206	220	193	217	229	237	172	176	161	165	154	154	304	340
OtsAC19NSNT_0817	0	0	119	195	214	278	193	199	186	234	220	222	205	205	177	225	138	164	177	193	134	138	284	316
OtsAC19NSNT_0819	258	278	153	205	242	244	201	233	190	222	214	216	197	213	229	269	142	172	161	189	138	138	240	280
OtsAC19NSNT_0821	0	0	0	0	234	266	0	0	194	214	0	0	0	0	177	181	164	164	189	193	138	160	188	348
OtsAC19NSNT_0822	234	278	177	235	244	270	201	237	186	230	206	228	205	225	205	261	164	172	165	177	138	160	276	284
OtsAC19NSNT_0823	266	266	177	181	222	266	201	201	214	226	222	228	221	229	249	261	134	160	193	197	138	154	324	332
OtsAC19NSNT_0824	238	270	191	233	244	244	193	203	218	234	222	228	205	205	229	233	138	168	165	177	138	138	184	308
OtsAC19NSNT_0825	230	254	157	203	254	270	201	227	182	230	220	222	189	205	177	241	156	160	177	177	154	156	272	396
OtsAC19NSNT_0827	0	0	0	0	210	240	0	0	218	218	0	0	0	0	229	261	142	200	165	189	154	154	316	340
OtsAC19NSNT_0828	266	282	227	233	244	278	205	237	226	230	220	222	221	225	273	297	164	184	177	193	138	154	276	316
OtsAC19NSNT_0830	262	290	161	211	244	270	201	205	182	230	220	222	193	283	237	261	152	176	185	197	154	164	236	344
OtsAC19NSNT_0832	200	266	161	195	206	256	203	227	226	230	212	220	205	233	177	205	138	142	177	177	160	160	316	356
OtsCC19NSNT_1353	0	0	115	181	238	266	199	201	186	206	206	224	197	221	241	241	152	160	177	177	154	166	312	316
OtsCC19NSNT_1383	0	0	0	0	206	236	199	219	214	252	218	222	201	237	241	261	168	184	165	177	154	154	288	336
OtsCC19NSNT_1384	234	258	197	235	222	240	201	221	186	222	206	220	205	237	209	257	138	142	165	193	134	138	184	352
OtsCC19NSNT_1387	242	278	165	237	222	244	201	221	222	230	218	222	205	229	205	209	138	164	193	197	138	160	284	328
OtsCC19NSNT_1451	266	270	149	207	248	250	221	233	186	194	222	222	233	299	257	257	134	142	161	165	142	156	288	312
OtsCC19NSNT_2022	242	258	203	237	214	240	201	237	230	234	206	220	229	233	181	297	138	164	177	193	134	160	316	356
OtsCC19NSNT_2112	200	234	137	227	244	244	205	205	186	218	212	222	205	209	181	225	138	146	177	193	154	160	312	316
OtsCC19NSNT_2130	242	270	173	227	214	250	203	237	170	226	222	228	193	205	173	225	152	164	177	193	154	160	308	316
OtsCC19NSNT_2152	238	242	177	191	250	282	199	221	198	222	220	228	205	287	209	241	160	184	177	177	138	138	340	410
OtsCC19NSNT_2154	258	278	135	157	242	282	199	227	186	230	220	224	197	237	201	241	146	152	177	193	138	154	316	332
OtsCC19NSNT_2335	258	274	189	189	254	266	201	203	170	230	222	236	193	205	205	221	134	142	177	189	138	138	280	336
OtsCC19NSNT_2340	0	0	139	181	250	262	193	219	218	222	222	236	201	273	257	277	142	152	165	213	160	162	316	352
OtsCC19NSNT_2371	250	258	137	191	210	266	201	201	170	230	206	236	197	275	181	201	142	142	177	177	134	138	184	356
OtsCC19NSNT_2372	0	0	115	115	172	264	199	233	178	190	228	236	205	237	209	277	152	184	193	197	138	166	188	344
OtsCC19NSNT_2374	0	0	0	0	244	250	0	0	182	202	206	222	0	0	173	233	152	168	165	193	134	154	332	336
OtsCC19NSNT_2378	0	0	0	0	244	282	0	0	202	234	0	0	0	0	233	233	146	164	177	177	154	160	308	336
OtsCC19NSNT_2391	0	0	0	0	242	250	0	0	166	186	220	220	205	205	237	261	138	160	177	177	154	154	316	348
OtsCC19NSNT_2392	0	0	0	0	266	270	0	0	186	190	220	222	279	283	177	269	134	142	165	189	138	154	312	328
OtsCC19NSNT_2394	0	0	115	119	230	230	199	199	190	230	220	236	193	209	253	261	134	196	193	213	154	156	332	336
OtsCC19NSNT_2397	270	274	189	189	258	262	201	237	222	230	222	236	205	273	217	273	142	168	177	189	138	154	336	336
OtsCC19NSNT_2398	200	262	161	253	214	238	199	233	202	234	220	228	273	299	233	257	142	142	189	193	154	160	340	348
OtsCC19NSNT_2380	0	0	161	193	0	0	0	0	226	230	222	236	233	233	221	237	134	168	0	0	154	156	252	292
OtsCC19NSNT_1352	0	0	115	193	250	266	0	0	218	222	0	0	0	0	209	217	142	152	193	197	138	154	324	360
OtsCC19NSNT_1355	242	274	161	181	240	262	199	199	230	238	206	218	233	283	245	249	138	164	177	177	138	160	324	360
OtsCC19NSNT_1386	0	0	187	189	206	250	201	221	182	186	206	222	237	287	241	257	142	152	193	197	134	154	252	348
OtsCC19NSNT_1521	0	0	115	137	222	254	199	227	198	234	222	228	221	233	229	257	164	184	193	193	154	154	280	280
OtsCC19NSNT_1524	0	0	115	201	248	266	199	219	170	186	220	220	213	237	229	229	134	142	177	193	138	154	336	336
OtsCC19NSNT_1833	0	0	0	0	222	240	0	0	186	226	0	0	0	0	181	257	142	164	177	177	134	138	184	316
OtsCC19NSNT_2055	262	266	177	213	252	256	199	237	202	222	214	218	229	233	229	241	134	184	177	177	138	152	320	336
OtsCC19NSNT_2083	0	0	0	0	0	0	199	227	170	234	206	218	0	0	229	249	134	142	193	193	138	154	0	0
OtsCC19NSNT_2085	0	0	115	181	266	278	201	201	170	190	212	236	197	275	209	229	142	164	165	177	0	0	288	344
OtsCC19NSNT_2090	0	0	137	181	258	266	227	233	174	230	222	228	205	233	177	177	172	188	177	197	154	158	304	356
OtsCC19NSNT_2373	0	0	0	0	266	288	201	227	190	230	222	236	205	233	177	257	164	172	189	189	138	160	328	348
OtsCC19NSNT_2379	0	0	0	0	236	244	0	0	230	238	220	220	0	0	217	237	138	146	177	197	134	164	328	344
OtsCC19NSNT_2396	0	0	191	205	250	270	201	237	182	210	206	222	233	279	225	317	134	160	165	193	138	138	308	340
