genepop_2015.txt
L1, L2, L3, L4, L5, L6, L7, L8, L9, L10, L11, L12
Pop
AC20NSNT_0001 ,  206220 154160 214218 196242 172180 254270 205233 356414 197229 115235 193217 221237
AC20NSNT_0011 ,  218220 138154 170170 200278 142160 206244 181241 308328 225229 187199 177193 199221
AC20NSNT_0012 ,  220222 160160 170194 238278 138152 250266 181273 316344 193213 115137 177193 199203
AC20NSNT_0015 ,  220236 138154 186210 258286 134152 252262 257261 280406 225233 115115 165165 199201
AC20NSNT_0018 ,  236236 154154 190230 258282 134152 250250 209261 348348 221233 119165 165189 205233
AC20NSNT_0020 ,  220222 138154 194230 242286 142152 244258 185233 332348 205209 115189 165217 205221
AC20NSNT_0027 ,  216220 138162 222230 200274 164168 266278 229237 328336 205273 161165 177177 201207
AC20NSNT_0028 ,  222222 134138 194234 238250 138142 254266 173181 312348 201229 189219 177193 199227
AC20NSNT_0033 ,  222222 134154 186230 200238 142160 234250 229297 320348 221229 135165 177193 201201
AC20NSNT_0039 ,  220222 154154 198218 250266 134168 248266 233241 252316 205237 115137 177177 201201
AC20NSNT_0046 ,  220220 154154 170182 242258 142164 172250 209221 328352 225225 161255 177193 199233
AC20NSNT_0048 ,  220222 154160 190234 250262 146152 260282 177237 236360 205209 137195 189193 203205
AC20NSNT_0054 ,  220220 154154 170202 254266 134184 254266 237237 308352 205237 201231 177197 199221
AC20NSNT_0055 ,  222236 134138 194218 262278 168180 244250 209237 272348 213229 137159 177177 205237
AC20NSNT_0059 ,  218228 134154 226230 200262 134142 256256 217249 188336 205205 191197 177177 203205
AC20NSNT_0066 ,  214222 138154 198198 238290 138168 244270 181209 340384 209221 181197 189193 201237
AC20NSNT_0067 ,  206216 138138 194222 238242 146168 230270 229233 324340 229237 191191 177193 193199
AC20NSNT_0090 ,  220236 138154 226230 250266 152160 222258 233249 324336 275291 119181 177189 237237
AC20NSNT_0094 ,  220220 154154 194226 238286 168168 240266 257273 284348 193221 185201 156193 201203
AC20NSNT_0117 ,  222222 138154 202234 242242 156172 240250 181253 236308 197205 135193 177193 205237
AC20NSNT_0135 ,  214220 134138 190222 262278 142146 242278 213229 188312 197205 163191 165177 193199
AC20NSNT_0136 ,  212226 138154 194234 242254 152168 226282 181241 188336 193229 135231 165177 199201
AC20NSNT_0137 ,  206216 138138 194222 242270 146168 242256 181261 324324 229237 189189 156177 193199
AC20NSNT_0139 ,  220220 138138 198234 238250 168168 238244 177181 344388 237273 181193 177197 199201
AC20NSNT_0141 ,  222228 154154 222230 258258 142172 222246 209241 316332 221229 137233 177193 201237
AC20NSNT_0149 ,  206222 154160 190238 262278 134152 250256 225233 348356 213229 169177 177197 199207
AC20NSNT_0158 ,  214236 134138 194222 242254 164196 248266 229261 188406 205283 185207 177189 199227
AC20NSNT_0162 ,  220220 154154 170218 200258 146164 250250 229257 000000 229233 165233 177177 199201
AC20NSNT_0163 ,  218222 138160 170222 262290 134184 250262 233233 280288 213213 135159 165177 229237
AC20NSNT_0169 ,  222228 138138 186226 234262 134142 256266 229229 336348 201213 201219 177177 199203
AC20NSNT_0173 ,  224228 138154 182214 242262 146152 218274 181257 236348 197233 137161 161193 201205
AC20NSNT_0174 ,  220224 138138 226234 200270 142156 172258 257257 184348 205275 115181 197213 199201
AC20NSNT_0182 ,  222222 138138 182194 218242 138146 266282 181277 252324 197237 161193 177177 219227
AC20NSNT_0190 ,  220222 134154 194194 242286 138204 252262 213229 312368 205275 137197 177177 205237
AC20NSNT_0194 ,  214222 138160 170190 242282 172180 244250 233269 312348 221229 175177 161177 237237
AC20NSNT_0202 ,  220220 134138 190222 238258 142146 254266 177229 312344 221279 191227 177197 201205
AC20NSNT_0206 ,  212220 138138 170178 258266 142152 210250 209229 184188 213237 115197 177177 221233
AC20NSNT_0209 ,  220228 138154 170186 238242 142168 172238 221297 340352 221225 161191 165177 201233
AC20NSNT_0211 ,  222228 154154 186230 262278 138146 250266 229261 312336 209237 115201 177193 199233
AC20NSNT_0216 ,  206220 154160 214218 242242 160180 254262 205233 344414 205233 115235 193217 201237
AC20NSNT_0218 ,  218222 134138 194234 262278 138142 266266 181249 312414 213275 197235 193193 199233
AC20NSNT_0221 ,  220220 138154 186186 258270 138152 248266 237273 312398 193205 115181 177197 203227
AC20NSNT_0222 ,  220236 154166 170190 192258 184212 250264 209233 336344 237273 115255 189193 205233
AC20NSNT_0224 ,  220236 154156 190234 218274 138152 222250 233285 296352 205233 161177 189193 193193
AC20NSNT_0238 ,  220222 138154 218222 258270 134164 240274 209209 252328 197233 137191 177177 201227
AC20NSNT_0239 ,  218220 134138 186234 234262 134142 256266 229237 336348 213213 137201 177177 199219
AC20NSNT_0240 ,  218236 154154 218234 238286 134152 250256 173217 344414 213291 115197 193193 207227
AC20NSNT_0249 ,  222222 134138 222230 200254 138160 234266 229249 188348 221229 115135 177193 197227
AC20NSNT_0258 ,  220228 138160 182226 242246 146152 244244 209233 252300 193229 119219 189193 201203
AC20NSNT_0264 ,  220220 154158 222230 246258 134168 236270 237257 316352 225233 181189 189189 199227
AC20NSNT_0276 ,  222236 138160 222230 242254 142160 234266 229249 320348 221229 115235 165193 201227
AC20NSNT_0292 ,  206236 134138 194222 270278 142204 244250 225229 316422 213229 181221 177177 199203
AC20NSNT_0294 ,  220220 154160 190230 242274 152168 248252 181209 184344 193213 115199 165177 219219
AC20NSNT_0297 ,  224228 138160 218312 242270 142152 256266 201221 188188 213233 177205 177193 199237
AC20NSNT_0304 ,  228236 138154 170222 258270 164168 230238 221297 340352 221225 161181 165193 201233
AC20NSNT_0307 ,  206236 138154 182186 192258 152212 234250 209233 336344 237273 119253 177193 233233
AC20NSNT_0319 ,  206222 154154 190190 250278 134168 256270 225233 340356 229233 135181 177197 207221
AC20NSNT_0335 ,  222228 138138 230230 242266 138168 230242 229229 252316 229237 115173 177177 201205
AC20NSNT_0341 ,  218228 154166 186194 258270 164188 244252 181217 312316 213229 115197 177197 237237
AC20NSNT_0345 ,  222222 138160 194230 250258 138138 252252 233249 312414 213275 197235 177189 201233
AC20NSNT_0346 ,  214222 138160 186222 238242 138196 244248 177225 316406 205205 177203 189193 203227
AC20NSNT_0348 ,  222236 134134 170190 200238 142168 248262 177285 308308 201233 181193 177197 203237
AC20NSNT_0355 ,  206220 154160 218230 242262 146164 244256 217229 276316 205213 191195 165177 227237
AC20NSNT_0367 ,  220220 138166 170190 192258 152212 234264 209229 336348 237273 119253 189193 233233
AC20NSNT_0371 ,  216222 138154 230234 258278 152168 234262 181241 328344 197275 137165 177189 199221
AC20NSNT_0374 ,  220236 138166 182230 242282 138146 214244 209297 300316 193229 227227 189193 201227
AC20NSNT_0375 ,  222228 138156 170222 270270 134164 240288 225253 252332 205233 161253 177189 227229
AC20NSNT_0376 ,  220222 134138 182230 238282 168204 250254 237249 272280 197237 177181 177177 201205
OtsAC18NSNT_0013 ,  206228 134138 202226 242266 134164 240266 181237 280352 205279 137161 193193 201237
OtsAC18NSNT_0050 ,  220236 138154 198222 238258 134168 266274 205297 240308 205233 177231 177193 201201
OtsAC18NSNT_0068 ,  222228 138160 230230 200270 134164 240270 205261 308332 201229 137181 177193 199205
OtsAC18NSNT_0071 ,  220222 154162 218230 242254 184184 206250 233249 188328 229229 177191 177193 201201
OtsAC18NSNT_0072 ,  222222 134154 182202 242258 134152 246250 229229 316316 197229 189201 177177 227233
OtsAC18NSNT_0104 ,  206222 138154 222230 278278 000000 242274 177237 000000 213229 137177 177197 203233
OtsAC18NSNT_0119 ,  220228 138154 190226 262278 164180 254266 229269 308312 205229 181197 177197 199201
OtsAC18NSNT_0126 ,  220220 138160 230230 218266 152168 250262 177253 236332 229237 199219 189189 201207
OtsAC18NSNT_0135 ,  214222 134154 230234 234270 142160 172262 205209 312352 229237 169189 165193 199237
OtsAC18NSNT_0140 ,  220222 138138 194198 192270 142152 250270 185249 332348 205209 115181 161165 201201
OtsAC18NSNT_0158 ,  220222 138154 194202 258270 134184 266270 241317 308344 213221 205227 165193 199205
OtsAC18NSNT_0172 ,  220220 138162 218234 242254 138184 206244 249261 188328 193229 177191 193197 199201
OtsAC18NSNT_0201 ,  220228 154154 182230 266278 138152 222266 177181 236252 229229 115195 177193 199207
OtsAC18NSNT_0204 ,  222228 154164 194198 218234 134160 266270 249273 344372 205287 133203 193197 199203
OtsAC18NSNT_0206 ,  220220 154154 222234 242258 146152 222248 233273 252340 205275 161193 189193 207227
OtsAC18NSNT_0211 ,  206220 138166 186198 242270 146152 250266 229241 316336 205237 181227 177197 199201
OtsAC18NSNT_0218 ,  228228 138160 226312 266270 146152 250266 229269 188236 205229 177189 177193 233237
OtsAC18NSNT_0241 ,  220228 154158 218230 258258 142156 222250 177261 188304 197237 219233 193213 233237
OtsAC18NSNT_0254 ,  220222 134154 186186 242258 160172 250286 213229 236348 197237 165177 165193 199227
OtsAC18NSNT_0255 ,  214220 154154 186190 258286 152164 244266 225237 184308 205237 115189 177193 237237
OtsAC19NSNT_0003 ,  206228 154154 222226 250270 142164 242262 209233 184380 197237 207219 177177 199201
OtsAC19NSNT_0004 ,  220220 138160 198238 242270 146152 252266 229241 316316 209221 175227 177177 199201
OtsAC19NSNT_0007 ,  220228 138162 234234 242258 134152 246266 269273 312340 205275 193193 193197 227237
OtsAC19NSNT_0008 ,  214218 138138 186202 200278 160164 206274 217241 308328 225229 187199 177193 199201
OtsAC19NSNT_0009 ,  206216 138138 194222 222270 138146 242270 229261 324336 229283 189189 177177 199201
OtsAC19NSNT_0011 ,  212236 138138 178234 238270 138168 214244 217257 308316 205225 191253 165177 221233
OtsAC19NSNT_0012 ,  236236 134156 206226 238274 146152 254262 241277 352380 205237 115181 165177 199221
OtsAC19NSNT_0014 ,  220222 138166 186206 278278 142152 254266 209277 284300 205225 115155 165193 199199
OtsAC19NSNT_0015 ,  214228 138154 198218 238262 164176 246270 237261 384406 197233 135197 177193 201203
OtsAC19NSNT_0016 ,  220236 154154 230234 242278 134196 230244 217241 320332 193237 115119 189193 193199
OtsAC19NSNT_0019 ,  220222 134138 186234 200254 160184 266286 185229 236348 229233 165177 165193 199227
OtsAC19NSNT_0022 ,  222222 134138 182222 200258 152180 250252 177229 188372 201291 115137 161193 201201
OtsAC19NSNT_0023 ,  218220 154154 222230 242278 164168 256274 233261 308324 205291 161161 193197 193199
OtsAC19NSNT_0024 ,  206222 138138 190222 242294 134164 234266 245273 332344 197213 135177 177197 199199
OtsAC19NSNT_0031 ,  218220 154160 222230 250258 138138 254254 233233 188336 221229 187189 177189 199201
OtsAC19NSNT_0032 ,  220228 138138 186202 200278 142160 234274 181241 308328 225233 177187 177177 221233
OtsAC19NSNT_0033 ,  218222 160166 186230 218250 160164 244282 241257 332344 233237 189201 165177 233237
OtsAC19NSNT_0035 ,  222222 154160 230238 234242 138172 240266 233245 244336 193287 177197 177193 205237
OtsAC19NSNT_0036 ,  222222 138154 186190 242250 134142 246266 177233 332336 279283 201247 193193 207237
OtsAC19NSNT_0037 ,  220222 162162 226234 242242 134168 230244 233241 336348 193197 115219 177217 199207
OtsAC19NSNT_0038 ,  220222 154154 230238 234258 142172 240274 233277 188272 193287 177187 177193 201205
OtsAC19NSNT_0039 ,  236236 154166 190230 242282 134184 250250 209261 348380 221233 115205 177189 205233
OtsAC19NSNT_0044 ,  210222 154154 218226 234238 138184 222266 245277 316352 205221 135161 177217 199201
OtsAC19NSNT_0046 ,  212228 138160 230230 242246 134164 250258 213229 284336 213275 161193 165193 199237
OtsAC19NSNT_0047 ,  212220 138154 170222 242286 142152 214248 177273 284328 189275 169199 177177 199199
OtsAC19NSNT_0048 ,  220228 134154 182234 242270 152152 250250 177225 252336 229291 115203 177193 201203
OtsAC19NSNT_0049 ,  212226 138158 214226 258278 138164 230250 273281 240288 205233 191235 189193 201227
OtsAC19NSNT_0050 ,  220222 154154 230238 258270 142172 240266 233245 188336 193287 137197 177193 199201
OtsAC19NSNT_0059 ,  220228 162166 190190 200242 168184 222230 249273 316324 205283 119173 165189 201207
OtsAC19NSNT_0061 ,  206220 154162 222312 242270 138184 210238 249261 188336 205221 177181 165177 201233
OtsAC19NSNT_0064 ,  220222 154160 170234 242246 142142 210254 233233 324340 213273 133253 165197 199199
OtsAC19NSNT_0067 ,  214220 138154 222230 238242 160168 230248 177233 184340 205229 161207 177177 199201
OtsAC19NSNT_0072 ,  220228 138160 170230 242270 142172 244266 209217 308348 201205 181227 165189 205227
OtsAC19NSNT_0073 ,  228236 154160 190222 250278 142142 250262 229229 272344 193197 189219 177177 199227
OtsAC19NSNT_0075 ,  220236 134156 230234 242250 152156 230244 217261 332332 193209 161237 193193 199199
OtsAC19NSNT_0078 ,  220222 154160 186226 242286 138142 252270 217241 188344 275279 189247 161177 201207
OtsAC19NSNT_0081 ,  220220 134154 230234 242282 138168 214270 233297 316348 197229 115119 177193 203207
OtsAC19NSNT_0082 ,  220236 134138 170186 238270 134152 254262 277285 308380 205233 115137 165165 199205
OtsAC19NSNT_0083 ,  218228 134138 186234 234238 134134 266270 229237 308336 213213 137201 177189 199203
OtsAC19NSNT_0084 ,  214222 138162 190190 258270 164184 244266 177277 236312 205225 157185 177193 201201
OtsAC19NSNT_0085 ,  222222 138160 186198 200254 138160 250288 229249 188332 213229 115235 177177 201227
OtsAC19NSNT_0086 ,  220222 138138 218226 242258 152156 244250 177177 252344 197237 115235 189217 211221
OtsAC19NSNT_0087 ,  228228 138154 190210 234258 164184 242244 181257 308316 189233 193227 189201 201237
OtsAC19NSNT_0089 ,  220222 138138 186218 218278 142152 244266 241257 316332 233233 177197 165177 233237
OtsAC19NSNT_0090 ,  206228 154162 186190 242278 138138 214240 229317 188348 209229 173177 185193 203205
OtsAC19NSNT_0091 ,  216228 138138 174230 246246 146168 262266 181273 312348 221221 115115 177193 227237
OtsAC19NSNT_0094 ,  222228 154160 230230 246294 134164 250278 213229 184344 233275 161193 165165 199237
OtsAC19NSNT_0097 ,  220222 138154 198230 242274 142184 240266 173237 336340 197237 165191 165165 193221
OtsAC19NSNT_0099 ,  220222 138160 218222 200242 164168 244274 177241 188356 193205 161193 177177 201227
OtsAC19NSNT_0101 ,  236238 138154 170218 200238 142168 214262 209317 300308 193201 173181 165197 203237
OtsAC19NSNT_0102 ,  220220 134156 218234 250278 152156 230236 253261 320336 193237 119161 189213 199199
OtsAC19NSNT_0104 ,  222222 138154 190190 238254 138142 242262 233237 324384 201221 181193 193197 199201
OtsAC19NSNT_0107 ,  222236 134154 182222 262278 164204 242262 181229 184272 237237 137227 177177 199205
OtsAC19NSNT_0108 ,  206220 138138 222226 258258 138164 238250 177217 316406 237287 115161 165193 201233
OtsAC19NSNT_0109 ,  212222 154156 226230 238242 134204 250262 237241 332422 229237 137177 165197 193203
OtsAC19NSNT_0110 ,  206220 138162 226230 258282 164168 238250 177217 312406 205205 115181 165177 201233
OtsAC19NSNT_0114 ,  220228 138154 202230 258278 164168 230270 209221 284304 193213 161235 165197 193201
OtsAC19NSNT_0121 ,  220222 134138 190234 234290 142164 230270 229229 336348 225237 219245 165177 201201
OtsAC19NSNT_0123 ,  220236 138154 190222 242242 152164 244288 229257 328356 205233 181247 189189 201227
OtsAC19NSNT_0125 ,  228228 138160 226312 242270 142152 266266 221253 188292 205229 177189 177193 193233
OtsAC19NSNT_0126 ,  220222 138154 186190 242250 134142 266270 177269 312328 279283 199235 165189 207237
OtsAC19NSNT_0127 ,  220220 138154 170202 234238 134160 234250 205257 340344 229287 201207 177177 201221
OtsAC19NSNT_0129 ,  220220 134154 218234 242278 134152 230244 253261 320332 193209 115237 189193 199199
OtsAC19NSNT_0130 ,  220222 138154 186222 242258 134172 266282 261277 280410 205221 137161 177197 199203
OtsAC19NSNT_0134 ,  212220 138154 222230 234242 152160 244250 237297 272324 201237 177235 177177 197201
OtsAC19NSNT_0137 ,  212236 154166 182230 242266 134152 250250 209261 348348 225237 119165 177189 205205
OtsAC19NSNT_0140 ,  220236 138154 222234 242266 142164 226266 233253 280312 209237 193237 161193 193199
OtsAC19NSNT_0142 ,  222228 154154 190234 250266 134168 234238 205237 328352 193237 115231 177177 199203
OtsAC19NSNT_0144 ,  220222 154154 170226 262262 160164 242248 229233 184352 193193 161201 177197 199233
OtsAC19NSNT_0146 ,  218222 154154 194222 200286 138152 234286 181277 312324 229291 115161 193193 201221
OtsAC19NSNT_0147 ,  220222 134134 226234 242262 134152 266270 249249 316414 201205 197203 193193 199199
OtsAC19NSNT_0149 ,  220222 138138 230234 242250 152164 266282 229237 344352 233233 197201 165177 233237
OtsAC19NSNT_0151 ,  222236 134138 170186 270278 134152 246262 249285 284308 205233 115181 165189 205227
OtsAC19NSNT_0152 ,  222228 134154 230230 250258 164176 250250 241273 296344 213233 115189 165177 199201
OtsAC19NSNT_0154 ,  228236 134154 182202 242270 152168 244250 173233 332336 201229 177181 165193 193201
OtsAC19NSNT_0156 ,  206220 154166 182230 234242 164168 230278 229253 336340 237287 187201 165189 203233
OtsAC19NSNT_0157 ,  206218 138138 170190 200258 142172 244250 229241 324340 233275 137187 177193 199201
OtsAC19NSNT_0158 ,  218222 138166 190234 258290 142164 000000 229229 324414 201229 197245 165193 199201
OtsAC19NSNT_0159 ,  220222 134154 190230 242242 152164 214236 225297 304308 229233 115161 177193 205237
OtsAC19NSNT_0160 ,  222228 138138 186194 234234 146152 172266 217237 312340 193229 189227 189193 203203
OtsAC19NSNT_0161 ,  206206 154158 186222 242242 164224 234240 213241 332344 205205 161181 177197 193199
OtsAC19NSNT_0163 ,  206228 138154 186234 238262 152212 234250 209233 336352 193273 181253 177193 193199
OtsAC19NSNT_0164 ,  220236 154156 190230 242242 134196 230230 253261 332336 193209 115119 193213 199231
OtsAC19NSNT_0165 ,  220220 156162 194226 234246 146168 242266 225261 340344 189205 161189 177193 203233
OtsAC19NSNT_0166 ,  228236 156160 190222 200282 142242 222270 225229 320372 197229 137161 193197 201221
OtsAC19NSNT_0167 ,  206222 134154 222234 242266 156172 206270 217229 304312 209225 191193 161161 193201
OtsAC19NSNT_0169 ,  218220 138154 170202 200278 160164 234274 181217 308332 229299 177231 177197 199201
OtsAC19NSNT_0172 ,  222236 138160 190230 242242 164172 266288 177257 328348 205233 227247 189189 201227
OtsAC19NSNT_0174 ,  222222 138154 194226 262278 142142 266266 173233 336348 213229 189197 177193 199199
OtsAC19NSNT_0175 ,  222236 154156 190198 234270 152160 244270 177229 348372 205205 133219 189193 199227
OtsAC19NSNT_0176 ,  218236 138154 218234 254262 134168 246270 237249 304348 201205 161197 177177 199199
OtsAC19NSNT_0177 ,  220222 138162 182222 262278 142172 172266 205241 184312 205229 115195 177193 227237
OtsAC19NSNT_0179 ,  220222 138154 218234 238238 142164 246270 217249 304348 205213 161197 177193 199227
OtsAC19NSNT_0182 ,  206220 138138 186222 270274 152168 236266 273273 316316 205213 115137 177177 201201
OtsAC19NSNT_0183 ,  220222 154166 202222 200266 168168 258262 229241 320356 193205 161227 165189 201227
OtsAC19NSNT_0184 ,  206222 138138 218230 258286 164164 242274 253265 304356 193205 169253 161193 227237
OtsAC19NSNT_0188 ,  228236 134134 222230 238242 160164 244250 221237 344368 213291 137231 177177 193199
OtsAC19NSNT_0191 ,  220236 138154 170190 242278 142152 214248 177273 284360 189275 135169 177189 199199
OtsAC19NSNT_0192 ,  220222 138156 202234 242242 138138 250266 229289 308344 205229 185193 193193 205221
OtsAC19NSNT_0193 ,  218220 134160 218226 242270 138184 266278 225261 316344 213229 161181 177193 205221
OtsAC19NSNT_0195 ,  220228 138138 182222 218262 138160 252266 241245 236340 205225 119181 177193 227227
OtsAC19NSNT_0201 ,  206222 138154 190226 226278 142164 206266 217229 304312 209237 137191 161193 193199
OtsAC19NSNT_0202 ,  222228 138138 186234 266266 134160 222278 257261 312332 221229 181197 193197 201227
OtsAC19NSNT_0204 ,  206236 154154 194234 218234 164168 254266 217257 344352 193233 165181 193217 203221
OtsAC19NSNT_0205 ,  228236 156166 190198 234270 142152 244270 177229 320356 205205 137227 193193 199227
OtsAC19NSNT_0206 ,  220228 138154 202226 258278 138168 230270 265281 344352 233273 161235 165197 201201
OtsAC19NSNT_0207 ,  218236 154154 218234 262286 134146 250256 173217 344348 201291 235235 177193 207227
OtsAC19NSNT_0208 ,  220220 154156 170202 238242 138138 250266 237253 312316 213225 189235 189193 203227
OtsAC19NSNT_0209 ,  220228 134154 218222 242262 138142 244266 181209 324340 193233 115191 177177 201219
OtsAC19NSNT_0211 ,  220220 138154 170186 234234 134142 248266 229229 336336 213237 115201 177193 199219
OtsAC19NSNT_0212 ,  222222 138154 166170 262278 168204 262262 209229 272316 205229 177221 177177 205237
OtsAC19NSNT_0214 ,  222228 138138 000000 250278 142168 238242 229241 000000 193213 115181 177193 203233
OtsAC19NSNT_0216 ,  222228 134154 190190 242274 168184 250266 229249 316324 205283 119223 165189 201237
OtsAC19NSNT_0221 ,  222222 138156 234234 242258 152164 256266 233249 280320 205237 201219 177197 193205
OtsAC19NSNT_0228 ,  206236 138154 190234 234258 138164 242254 237269 284316 197197 115191 177197 205237
OtsAC19NSNT_0229 ,  206222 138138 226234 242242 156184 250278 225249 316340 209229 165227 193193 193199
OtsAC19NSNT_0231 ,  220222 154154 190194 234242 142172 240266 209245 284340 205221 115177 193197 199237
OtsAC19NSNT_0232 ,  206206 138154 226238 258270 142146 230274 181233 336352 237237 181219 177177 201219
OtsAC19NSNT_0239 ,  220222 138160 222230 250258 138142 250266 233233 336414 221275 187189 177189 199201
OtsAC19NSNT_0240 ,  220222 138160 222234 258266 142168 206248 177217 184344 197201 119227 177197 193205
OtsAC19NSNT_0243 ,  228228 138138 190226 242258 152164 244266 237277 252284 221233 115235 189197 201211
OtsAC19NSNT_0247 ,  212222 154160 186218 200234 138146 244244 181225 312316 205209 137227 177193 205205
OtsAC19NSNT_0251 ,  220236 134134 170186 234278 134152 246286 249317 340380 205221 135137 165177 205227
OtsAC19NSNT_0260 ,  222224 138154 198222 250258 138172 266288 209269 332336 205221 137187 197213 233237
OtsAC19NSNT_0262 ,  220222 134138 182226 258270 142168 250266 237285 236244 193197 177181 177189 205233
OtsAC19NSNT_0263 ,  220220 138154 174234 262266 164176 250282 217261 188292 197197 181191 165189 199201
OtsAC19NSNT_0264 ,  228236 154154 226226 250270 138142 242266 229233 184380 197197 177191 165177 199201
OtsAC19NSNT_0266 ,  222228 138154 190210 250278 164168 238250 229237 308324 193209 115181 177193 203219
OtsAC19NSNT_0267 ,  228236 138158 222230 242278 164224 240250 213245 332344 205229 161181 197197 199201
OtsAC19NSNT_0274 ,  206228 138158 182230 238282 142188 218244 177237 340360 213237 233235 193193 211237
OtsAC19NSNT_0275 ,  220236 134166 198206 238238 142152 246266 209277 272284 205233 135177 189193 199227
OtsAC19NSNT_0278 ,  220228 138138 222226 200238 138160 234288 177217 300324 279299 177189 177193 233237
OtsAC19NSNT_0279 ,  220228 154154 166202 242286 168168 226258 181209 312380 273275 177203 165189 227233
OtsAC19NSNT_0282 ,  214228 138154 226238 242250 142164 254266 209277 244344 197229 161241 177193 201227
OtsAC19NSNT_0283 ,  222228 154160 186234 234246 142168 256266 237269 308336 205287 137187 177193 227237
OtsAC19NSNT_0284 ,  222228 138154 170190 000000 142176 000000 181269 324336 205233 000000 165177 000000
OtsAC19NSNT_0286 ,  220220 134138 170230 242270 142142 266288 253265 304356 193197 169191 193197 199237
OtsAC19NSNT_0288 ,  206222 138160 190222 242294 134164 234266 241269 280332 205205 115177 177177 199201
OtsAC19NSNT_0289 ,  222228 154154 170190 266278 134168 250254 205237 324340 229233 155231 177177 203221
OtsAC19NSNT_0290 ,  220236 154154 190222 238250 142160 222226 225237 340392 205221 177193 177177 193219
OtsAC19NSNT_0291 ,  000000 154160 000000 238282 146164 244282 000000 188356 000000 135233 177193 201207
OtsAC19NSNT_0293 ,  222228 154156 190198 234270 146160 244270 249261 356372 205273 133227 193193 227227
OtsAC19NSNT_0294 ,  206236 138154 190222 200234 164184 242250 229233 280316 213299 115239 165177 199229
OtsAC19NSNT_0296 ,  220228 138162 190202 258270 138152 250266 233237 188300 193229 115173 177177 201205
OtsAC19NSNT_0298 ,  216220 154154 222230 242274 146152 240270 209233 312328 229233 161161 177177 227229
OtsAC19NSNT_0302 ,  214236 138154 210222 238270 164196 246248 261273 184184 201205 177181 177193 193199
OtsAC19NSNT_0308 ,  220220 154160 194198 250286 146152 172262 241249 312324 205299 177191 177189 233237
OtsAC19NSNT_0311 ,  220236 138154 170186 238258 142164 172238 221229 312352 193221 161181 177177 237237
OtsAC19NSNT_0315 ,  220222 138154 222230 242278 142142 254254 181233 188336 213275 197235 177189 199201
OtsAC19NSNT_0319 ,  220236 154154 222230 200242 142142 242266 177225 244344 193303 219227 197197 199201
OtsAC19NSNT_0320 ,  216222 154154 186194 270278 164168 250262 225229 312422 213225 133137 177193 203237
OtsAC19NSNT_0321 ,  236236 154154 226230 254262 168204 246262 177281 340368 205237 161221 177177 193205
OtsAC19NSNT_0322 ,  220222 138154 000000 234262 164172 252266 205245 184288 205205 115135 193197 227237
OtsAC19NSNT_0326 ,  222228 154154 190222 238242 142168 252256 205225 184252 205275 161253 177193 219221
OtsAC19NSNT_0329 ,  212228 134166 170190 238274 142184 222238 257273 312348 221283 223237 177177 233237
OtsAC19NSNT_0332 ,  220222 154154 190198 200200 160164 206230 229233 316376 205229 115165 165177 207227
OtsAC19NSNT_0333 ,  220236 156160 202222 238242 138152 266282 181237 312316 213225 189235 189193 227233
OtsAC19NSNT_0334 ,  220222 154154 194198 234242 152164 250266 213257 332352 205229 137169 177193 233237
OtsAC19NSNT_0337 ,  222228 138138 222230 200242 146152 244256 241257 188308 193229 161161 165197 201227
OtsAC19NSNT_0338 ,  206220 138138 170190 258286 164164 266288 209229 304356 193197 169253 161193 199229
OtsAC19NSNT_0340 ,  222228 138138 210230 246250 142168 238242 241257 308328 209233 115181 177193 203233
OtsAC19NSNT_0342 ,  222236 138160 198222 238242 142160 234266 229249 188348 213237 115135 165193 201227
OtsAC19NSNT_0343 ,  206228 138138 194234 258278 152160 244266 177233 252304 197237 181219 161193 211219
OtsAC19NSNT_0345 ,  220222 154154 230230 242262 152184 266266 233249 316422 221221 115223 165193 201203
OtsAC19NSNT_0346 ,  206220 134138 198230 238250 152164 206222 181181 236316 201237 181227 161193 201201
OtsAC19NSNT_0347 ,  218222 138154 194226 238250 134138 254266 181249 312348 201275 189197 177189 199227
OtsAC19NSNT_0348 ,  220220 134154 230230 234250 160176 238262 213249 184236 205283 119229 177193 201237
OtsAC19NSNT_0349 ,  228236 154162 230234 238258 134168 206250 237273 304312 205205 161193 177197 201227
OtsAC19NSNT_0350 ,  222240 134138 194226 246254 142156 172254 229257 316344 193201 193235 177193 199205
OtsAC19NSNT_0354 ,  220220 154154 166186 238262 138160 242250 237261 316348 205205 115191 177177 219233
OtsAC19NSNT_0355 ,  228236 138138 186190 200242 142164 234266 209285 184324 205233 181249 177177 199199
OtsAC19NSNT_0356 ,  216220 138154 190230 246266 152184 262266 181225 336344 221279 137245 177193 227237
OtsAC19NSNT_0357 ,  206220 138154 226230 250258 152160 262270 229233 184336 205275 177181 165177 237237
OtsAC19NSNT_0358 ,  206236 138166 170182 192258 152212 250264 209233 336348 233237 119253 189193 193233
OtsAC19NSNT_0359 ,  218220 138154 226230 234258 152160 238254 181213 188236 193213 219229 177193 201237
OtsAC19NSNT_0360 ,  222222 138154 222222 250266 138146 242254 233245 280336 197205 137207 161177 199199
OtsAC19NSNT_0361 ,  222228 138154 222230 200242 146224 240244 213237 308356 193205 161161 177197 201227
OtsAC19NSNT_0362 ,  228236 154154 170222 238258 164168 172266 221297 340352 225291 161191 177193 237237
OtsAC19NSNT_0364 ,  228236 154154 182202 238258 168184 250264 209237 348348 229237 119119 189193 227233
OtsAC19NSNT_0365 ,  220220 154154 202230 242258 134146 222244 241241 336344 193225 115115 177177 199233
OtsAC19NSNT_0367 ,  220220 154154 222230 242242 160184 222238 249261 184336 213233 115239 161165 199233
OtsAC19NSNT_0369 ,  222228 138154 194230 238286 146160 262270 221237 272328 225237 135137 177197 197227
OtsAC19NSNT_0370 ,  220228 134154 222230 234270 142168 242244 225257 252304 193205 153197 165193 227237
OtsAC19NSNT_0371 ,  220222 138154 194230 242258 168168 250262 237237 272406 205237 137185 165197 197233
OtsAC19NSNT_0375 ,  220220 134154 222226 258262 142152 266270 217229 188414 225225 191235 177193 205207
OtsAC19NSNT_0377 ,  220236 134154 194230 200270 164168 262274 273317 300316 201221 169181 177177 237237
OtsAC19NSNT_0378 ,  206214 138154 190222 242258 142152 250266 181257 236340 205233 191231 177177 199219
OtsAC19NSNT_0379 ,  220222 154154 202230 250270 164164 230250 233237 316324 213233 137155 177193 203237
OtsAC19NSNT_0381 ,  220222 154154 190230 250278 152168 256270 237277 340356 193229 135169 177177 201221
OtsAC19NSNT_0382 ,  214228 138138 190190 234242 142164 258266 209233 284336 193237 115245 165197 201233
OtsAC19NSNT_0384 ,  220220 134154 198230 242270 134176 210262 213233 184236 193291 119211 177193 201201
OtsAC19NSNT_0389 ,  222222 134138 190230 250262 146152 266270 177237 236360 205213 177181 189193 203205
OtsAC19NSNT_0392 ,  222238 134138 194226 200266 142164 262270 229317 300312 201237 137193 161165 199237
OtsAC19NSNT_0393 ,  220222 134138 230234 246258 184184 206274 237273 188344 221275 137219 177177 199201
OtsAC19NSNT_0397 ,  220236 138154 194222 238274 160164 214242 233285 308336 221287 165173 193201 207207
OtsAC19NSNT_0400 ,  228228 162162 234312 242266 142152 242266 229269 188292 205237 177219 193193 193233
OtsAC19NSNT_0401 ,  228228 156162 222234 242258 146224 222240 217257 252340 197205 115161 189193 201227
OtsAC19NSNT_0402 ,  206222 138156 202226 242242 138138 254266 249289 308344 205229 191193 193193 203205
OtsAC19NSNT_0403 ,  220228 138138 170198 200242 142160 248266 177217 316332 205225 137193 177197 233233
OtsAC19NSNT_0406 ,  228236 154160 214226 238270 152184 234278 233241 316406 229233 135177 165193 201203
OtsAC19NSNT_0407 ,  220222 138138 218226 242262 156188 248250 177237 236320 237237 193235 177189 199205
OtsAC19NSNT_0409 ,  220220 138154 226234 242258 152152 246266 209269 312340 205275 193197 177193 219227
OtsAC19NSNT_0410 ,  220222 138154 182194 258270 134142 218262 261285 244308 213279 137181 177193 199219
OtsAC19NSNT_0414 ,  206236 154154 170222 238258 142146 262266 181249 288316 205229 197235 177213 199199
OtsAC19NSNT_0415 ,  222228 138154 190214 200266 164168 230250 229237 316328 205229 119161 177189 201201
OtsAC19NSNT_0416 ,  218222 134138 170230 258270 134152 172254 229249 328340 193295 115137 165177 233233
OtsAC19NSNT_0417 ,  220220 154162 222234 242258 164224 222248 233257 252332 205275 119161 177193 201237
OtsAC19NSNT_0421 ,  206206 138154 202238 258270 142160 230274 181241 324340 229237 241245 177177 201219
OtsAC19NSNT_0422 ,  206220 134162 226230 262286 146164 238250 181261 296316 205205 161233 177177 201237
OtsAC19NSNT_0424 ,  220228 138160 222234 200270 134152 242286 177181 304312 213237 177235 177193 199219
OtsAC19NSNT_0428 ,  214222 138138 190194 234238 138142 266270 217237 304384 197237 161181 177189 201237
OtsAC19NSNT_0430 ,  206218 138154 170234 238270 134142 270286 229249 352414 213237 219243 193193 199227
OtsAC19NSNT_0431 ,  220228 138154 194230 200242 134172 210266 193269 188328 209287 181189 177177 199205
OtsAC19NSNT_0432 ,  220222 138154 190210 258258 134184 222270 181229 188320 201233 161181 177193 199237
OtsAC19NSNT_0434 ,  220228 138160 198222 242278 164164 242266 225237 236340 205213 115193 177197 199207
OtsAC19NSNT_0435 ,  222228 138154 170190 234278 134164 238254 237237 328352 229233 155231 177177 199203
OtsAC19NSNT_0437 ,  220228 138162 190222 242278 134242 222250 209241 304344 221275 135161 165177 183201
OtsAC19NSNT_0438 ,  236236 138154 194198 258258 152176 230266 257261 188332 221273 159165 177177 233237
OtsAC19NSNT_0440 ,  206222 138154 194198 242258 146164 230266 245249 188336 193273 137227 177193 227229
OtsAC19NSNT_0441 ,  206206 156158 202222 242278 164164 240250 229241 344426 205237 157177 177177 201227
OtsAC19NSNT_0443 ,  216218 138154 214226 238266 134168 270278 229233 348376 213233 177219 177177 199227
OtsAC19NSNT_0444 ,  220220 154162 226234 250262 142164 244270 181213 296344 205273 115181 177197 201227
OtsAC19NSNT_0445 ,  220222 138162 202226 238242 134152 218244 225269 316426 205233 181189 177213 227237
OtsAC19NSNT_0449 ,  222222 134154 230234 200262 134168 250256 181269 308348 205205 191219 177177 205233
OtsAC19NSNT_0455 ,  206220 154160 190222 250278 168184 250262 209241 184328 197233 181219 177189 201201
OtsAC19NSNT_0456 ,  222238 134156 194234 238286 152164 262282 225229 336380 283291 185189 177177 193207
OtsAC19NSNT_0460 ,  220222 138154 230234 234254 142142 206266 177217 304348 209237 189193 165189 203237
OtsAC19NSNT_0462 ,  222222 138160 198222 238242 138160 234266 229249 320348 221237 115135 165177 197237
OtsAC19NSNT_0468 ,  220220 138156 218234 258286 138164 240286 177213 304332 221237 177235 177193 219237
OtsAC19NSNT_0469 ,  216220 138154 198210 200234 168184 250270 233317 244308 221229 161181 177193 201237
OtsAC19NSNT_0472 ,  206220 134138 222234 258270 152160 244250 233237 252304 229233 181181 161193 199221
OtsAC19NSNT_0473 ,  214222 134138 230234 238254 142168 254270 229257 316340 201237 115193 165177 199205
OtsAC19NSNT_0474 ,  222222 138154 218226 262262 160164 244286 209233 332340 225233 227253 177185 199201
OtsAC19NSNT_0475 ,  220236 138154 182186 238242 184212 250264 209229 336344 237273 115253 193193 193205
OtsAC19NSNT_0478 ,  224228 138162 182218 242270 142164 242282 201221 188320 189205 177205 177193 233237
OtsAC19NSNT_0480 ,  206222 154162 182222 266274 134172 238250 181237 252336 193205 115227 161177 201201
OtsAC19NSNT_0483 ,  206228 138160 222230 242262 152164 226250 181209 340352 213233 181181 189193 199221
OtsAC19NSNT_0484 ,  222228 138138 218222 246278 142168 262266 225257 344344 221287 115115 177193 201201
OtsAC19NSNT_0485 ,  222228 154154 190210 234258 142164 242244 181213 236236 233287 193227 165193 193237
OtsAC19NSNT_0487 ,  220236 138154 230238 242258 152160 222270 229249 324336 205275 177181 177189 227237
OtsAC19NSNT_0489 ,  220222 138138 182182 238282 164172 262266 205245 240312 237287 165193 165165 199201
OtsAC19NSNT_0492 ,  206206 138162 202238 238262 142168 250266 237269 184308 205225 161181 193193 199237
OtsAC19NSNT_0495 ,  220228 162162 170234 242242 146146 206274 205237 320348 197205 115195 189193 203207
OtsAC19NSNT_0496 ,  212220 154154 190202 242266 168200 222246 245257 340344 213225 115161 165177 197199
OtsAC19NSNT_0497 ,  222228 154160 170226 242270 152164 214250 173225 308316 193205 173227 177193 203237
OtsAC19NSNT_0499 ,  218220 154154 190226 258258 156164 222240 177249 304332 237275 181235 165193 233237
OtsAC19NSNT_0503 ,  212220 138154 186194 258286 138142 230266 229261 188312 209275 201219 177177 199205
OtsAC19NSNT_0505 ,  222236 138162 170218 258262 138138 210278 233249 288340 229233 191235 177193 219233
OtsAC19NSNT_0507 ,  220222 138162 186234 242254 142164 206206 177257 188344 201229 137227 193197 199237
OtsAC19NSNT_0511 ,  220228 138162 222230 238258 134168 206250 237273 304312 205205 161197 177193 201227
OtsAC19NSNT_0512 ,  220220 138154 222230 242286 142152 258270 185233 348372 205205 115189 193217 205221
OtsAC19NSNT_0514 ,  212220 154160 162222 238242 152160 230262 221237 272380 237275 165177 165197 197205
OtsAC19NSNT_0517 ,  220222 138138 194198 270286 142142 244258 217249 348372 205205 181189 161193 201201
OtsAC19NSNT_0518 ,  222222 138154 202230 234242 160184 242252 245245 288340 205225 115227 193217 201227
OtsAC19NSNT_0519 ,  228236 138154 170222 258270 142168 172238 221229 340352 221225 161181 165177 201237
OtsAC19NSNT_0520 ,  220236 154162 218222 234242 160184 242252 205237 288340 205225 119227 193217 227237
OtsAC19NSNT_0523 ,  220222 134154 226226 242262 134142 266278 173233 316348 213237 197203 177193 199227
OtsAC19NSNT_0524 ,  206222 138154 194198 242286 142152 244258 185249 304332 205205 181189 165217 201221
OtsAC19NSNT_0527 ,  212220 134154 182194 242262 152160 244262 237245 272332 205233 191221 165197 201203
OtsAC19NSNT_0529 ,  220228 138154 190234 234262 164188 244266 209237 252284 221237 115181 193197 199201
OtsAC19NSNT_0532 ,  220228 154162 222230 242270 134142 222248 177181 336360 193233 119219 177213 199221
OtsAC19NSNT_0534 ,  218222 154160 194230 242278 138138 254254 181233 312414 213275 187235 177189 199237
OtsAC19NSNT_0540 ,  206228 138138 230230 250278 160160 234266 177269 300308 205299 177181 177193 205233
OtsAC19NSNT_0542 ,  220220 134138 230230 234250 134152 238262 249277 184324 193205 177229 177189 201237
OtsAC19NSNT_0545 ,  228236 154160 226230 242258 146152 246254 217237 316336 205233 177219 165193 201203
OtsAC19NSNT_0548 ,  220220 134138 226230 262286 152164 238250 181261 296316 205205 161233 177189 227237
OtsAC19NSNT_0551 ,  222222 154154 194226 238246 142146 230286 209249 344348 213221 135235 177177 193227
OtsAC19NSNT_0555 ,  228236 134154 182186 242258 134142 246262 177269 312336 225237 115201 165193 233237
OtsAC19NSNT_0559 ,  220222 134138 170198 254258 164168 250278 225277 308348 189229 115177 177189 227233
OtsAC19NSNT_0562 ,  228228 154154 230238 246270 142168 250274 229237 316352 197213 181197 177193 199201
OtsAC19NSNT_0569 ,  220220 154160 190222 238262 146168 254266 177269 296316 221279 191227 177177 193201
OtsAC19NSNT_0571 ,  220220 138160 222222 262274 152208 254270 213229 188296 205279 163191 165177 199205
OtsAC19NSNT_0574 ,  216236 154154 214230 258266 152168 254270 229237 244328 229233 161177 165189 201219
OtsAC19NSNT_0578 ,  220220 138154 202230 242282 146146 244252 173261 188352 209233 181253 177177 199207
OtsAC19NSNT_0580 ,  206222 138138 222234 258270 164164 222250 177217 188332 197205 153181 177189 201237
OtsAC19NSNT_0582 ,  220222 138154 230234 238262 134168 246256 173217 348352 213233 161197 165177 201227
OtsAC19NSNT_0590 ,  220228 138160 186234 246286 142168 234270 181213 344352 275291 137165 177193 199201
OtsAC19NSNT_0591 ,  206228 138162 182218 270286 146152 266282 201269 188188 205233 177205 177177 237237
OtsAC19NSNT_0592 ,  222228 138154 210222 242246 146164 244266 237249 340352 225229 115115 165177 201237
OtsAC19NSNT_0593 ,  220228 138154 218226 242286 164168 210266 233257 284340 233275 191247 177177 203219
OtsAC19NSNT_0595 ,  218220 138154 194226 242286 188188 206266 213249 312320 225275 197219 177189 201219
OtsAC19NSNT_0596 ,  218222 154154 222222 242242 134138 222234 181225 312324 197233 161161 189193 199221
OtsAC19NSNT_0602 ,  212220 138160 182202 242278 146164 254254 181249 304328 193205 137191 177189 201219
OtsAC19NSNT_0607 ,  222236 154154 190190 242250 184212 234266 177209 184340 197279 183219 165177 201227
OtsAC19NSNT_0613 ,  226228 138156 222234 242270 146164 172226 233261 244252 197205 137161 177189 201227
OtsAC19NSNT_0623 ,  222228 154160 198222 242286 146164 250250 181217 236344 213291 115115 177197 237237
OtsAC19NSNT_0631 ,  206236 138138 194198 242258 146176 266274 229245 188336 193233 165189 177177 227233
OtsAC19NSNT_0640 ,  220228 138138 226234 258266 134152 244266 177273 252332 237275 181253 189193 211233
OtsAC19NSNT_0644 ,  222236 154154 170218 258262 138146 210266 217233 252288 233233 191235 189193 219233
OtsAC19NSNT_0645 ,  220222 154154 186234 242246 138168 250278 225229 316340 205233 191227 193193 201233
OtsAC19NSNT_0652 ,  206206 138154 222230 242258 168172 226250 177181 320406 205287 115137 165177 199233
OtsAC19NSNT_0653 ,  220228 138154 170222 192262 146152 250254 209233 312336 193273 227253 177177 201233
OtsAC19NSNT_0656 ,  236238 134134 194218 238270 142168 214250 177285 296300 193221 181193 165193 205207
OtsAC19NSNT_0659 ,  222222 134154 202234 238250 146152 260266 177209 348360 205209 177181 189193 203237
OtsAC19NSNT_0662 ,  222222 134154 198222 242262 142164 244266 181225 252324 233275 115191 177189 199201
OtsAC19NSNT_0663 ,  220222 138154 230234 234254 142142 172206 177217 312344 209229 189227 165193 203205
OtsAC19NSNT_0664 ,  228228 138160 182234 266270 142168 242266 221253 188292 205237 177189 189193 193233
OtsAC19NSNT_0666 ,  212220 138154 218230 254274 138168 214266 181257 308344 225299 181233 165177 211233
OtsAC19NSNT_0669 ,  206236 138154 194218 242258 164168 266274 229245 188336 205233 165189 177193 193233
OtsAC19NSNT_0671 ,  220222 154156 186226 262270 142156 244270 173229 312414 201233 177197 189193 201227
OtsAC19NSNT_0674 ,  210212 134156 218222 242282 168172 236262 205237 336422 197237 137201 177189 197205
OtsAC19NSNT_0699 ,  212228 138160 190226 234278 164180 246254 229229 296336 237263 177181 177177 199201
OtsAC19NSNT_0701 ,  206222 138138 182210 234270 134160 250270 225317 308340 233279 191205 165193 201237
OtsAC19NSNT_0709 ,  220228 138160 226230 242242 134152 244266 177209 328348 205233 181235 189189 233237
OtsAC19NSNT_0711 ,  222236 138138 222222 246250 142152 222250 237269 236426 205221 181231 177177 199207
OtsAC19NSNT_0712 ,  220228 138154 190198 238278 152152 250266 181233 188356 209229 181197 177197 201203
OtsAC19NSNT_0716 ,  220222 138154 186190 234250 134142 246266 177269 328332 279283 199235 165189 201207
OtsAC19NSNT_0719 ,  206220 134154 182202 242278 146164 254254 177181 312340 193213 181191 177189 199201
OtsAC19NSNT_0725 ,  206228 138138 186202 270278 160168 250278 249253 236324 197213 193197 177193 201205
OtsAC19NSNT_0730 ,  222222 134154 226226 234242 142168 266270 249269 188316 205213 203235 177193 201205
OtsAC19NSNT_0733 ,  222228 138138 000000 242258 152156 244250 177237 236320 197237 193235 177189 205211
OtsAC19NSNT_0740 ,  220222 154162 198230 270274 138146 244256 181209 348356 193233 189193 189197 205233
OtsAC19NSNT_0746 ,  220228 138154 230234 226246 146168 238244 213237 312312 205225 115193 177177 201201
OtsAC19NSNT_0749 ,  216222 154154 198210 270286 152160 234244 181273 308316 201233 235235 165177 199237
OtsAC19NSNT_0765 ,  222240 138138 194234 238254 142156 172254 229257 344344 201237 115193 177193 199237
OtsAC19NSNT_0773 ,  220222 154160 202234 238262 146152 260266 213237 348360 209213 137195 189193 221237
OtsAC19NSNT_0776 ,  220222 138154 194202 242242 156172 240250 181253 236308 205237 115135 177193 205205
OtsAC19NSNT_0777 ,  000000 138138 186226 000000 134160 222266 249273 312332 221229 000000 193193 000000
OtsAC19NSNT_0785 ,  220228 138156 230230 242242 168212 242266 181237 340344 205299 173177 165165 193199
OtsAC19NSNT_0796 ,  222228 138154 218222 234262 146152 230246 249265 348422 221233 115193 165193 199207
OtsAC19NSNT_0803 ,  220220 154160 222226 262274 152208 254270 213269 312406 197237 191245 165177 199205
OtsAC19NSNT_0805 ,  220236 138154 198222 200242 142146 250266 233237 244296 205221 115219 165197 199237
OtsAC19NSNT_0817 ,  220222 134138 186234 000000 138164 214278 177225 284316 205205 119195 177193 193199
OtsAC19NSNT_0823 ,  222228 138154 214226 266266 134160 222266 249261 324332 221229 177181 193197 201201
OtsAC19NSNT_0824 ,  222228 138138 218234 238270 138168 244244 229233 184308 205205 191233 165177 193203
OtsAC20NSNT_0379 ,  220222 138138 194198 192270 142142 250270 217233 332348 205205 115181 161165 205221
OtsAC20NSNT_0381 ,  222236 154154 218226 238286 142152 250256 173217 344414 201291 115197 177193 199237
OtsAC20NSNT_0382 ,  220228 138154 170230 200242 160168 250266 177229 316332 205225 115137 177177 201233
OtsAC20NSNT_0384 ,  220222 138162 186230 262270 142172 248250 249277 312316 229237 133203 193197 201205
OtsAC20NSNT_0394 ,  220220 138154 190230 200238 142160 218256 177237 316316 221275 177227 177189 199201
OtsAC20NSNT_0409 ,  206220 138154 194230 258266 152168 250278 177253 252328 213287 177185 189189 201233
OtsAC20NSNT_0419 ,  220236 138166 170190 192242 152212 234264 209229 336344 237237 115253 193193 193233
OtsAC20NSNT_0420 ,  206236 154166 182186 238258 146184 234264 209229 336344 233237 115253 177193 193233
OtsAC20NSNT_0425 ,  220236 134154 194230 266270 142152 250274 205229 312332 205229 137231 177177 201237
OtsAC20NSNT_0435 ,  222228 134154 186234 238258 134152 240270 173273 340348 201205 115219 177193 199227
OtsAC20NSNT_0436 ,  222222 138138 210226 242270 134134 262270 229317 308414 205279 137205 165193 201237
OtsAC20NSNT_0454 ,  206218 138138 202222 222238 146168 230270 181233 336340 233237 189191 177177 193237
OtsAC20NSNT_0455 ,  228228 134154 182222 242266 164172 266274 221229 188344 197229 115219 177193 201233
OtsAC20NSNT_0461 ,  222236 134138 194194 234278 146146 222266 217237 304312 205229 161235 189193 237237
OtsAC20NSNT_0468 ,  206228 138162 186218 200278 168172 248250 229257 324352 205213 223255 193193 201233
OtsAC20NSNT_0469 ,  222236 138160 190222 278294 134164 250266 245269 332344 197213 115177 177177 199199
OtsAC20NSNT_0471 ,  206220 138154 162178 238242 146152 240266 217229 188324 193201 189189 177193 193205
OtsAC20NSNT_0473 ,  214236 138154 182186 258270 134152 246262 229257 280352 225233 115115 165177 199199
OtsAC20NSNT_0477 ,  220228 138154 222230 254258 152164 246250 217273 312352 205233 161197 165193 201227
OtsAC20NSNT_0479 ,  220228 138138 178230 266270 168184 214250 229233 308344 205233 203253 177193 227233
OtsAC20NSNT_0495 ,  220222 138162 170230 242270 168184 230286 217233 308348 197201 115205 177217 193237
OtsAC20NSNT_0500 ,  220220 138154 222226 258258 152152 246266 181273 312340 205275 193193 177193 203219
OtsAC20NSNT_0502 ,  206236 138154 170210 242278 142168 250254 181257 308332 213233 137181 193197 233233
OtsAC20NSNT_0505 ,  220228 138156 230238 242246 138168 206242 181237 348422 189299 173181 165177 199211
OtsAC20NSNT_0507 ,  214218 154154 170170 200262 142160 206244 181217 324328 233299 177231 177177 201233
OtsAC20NSNT_0510 ,  220222 138154 230238 234282 168168 240288 245249 188344 193221 137193 193193 199201
OtsAC20NSNT_0513 ,  222228 138138 226230 200234 146152 266266 205229 304336 193237 189201 177189 203237
OtsAC20NSNT_0517 ,  206236 134138 166222 192262 142168 244270 209237 272304 213279 115221 161177 203221
OtsAC20NSNT_0518 ,  216228 138154 202230 246270 152184 240274 229273 324344 221275 137189 193193 205227
OtsAC20NSNT_0521 ,  222236 138154 190222 266278 156172 226270 229253 304340 209237 137237 161197 193199
OtsAC20NSNT_0536 ,  220220 138138 186190 254270 142196 248266 245261 348406 193225 137177 177189 199201
OtsAC20NSNT_0538 ,  220222 138138 194202 200262 138168 250270 217237 316340 225279 161189 177193 227237
OtsAC20NSNT_0541 ,  220236 138154 210230 218258 134164 270282 217241 336352 205275 115161 177193 237237
OtsAC20NSNT_0542 ,  220220 154154 170222 258270 142146 240288 209253 312328 197213 161191 177189 201227
OtsAC20NSNT_0546 ,  220236 154166 170190 192242 146184 234250 209229 336344 237237 119253 177193 233233
OtsAC20NSNT_0549 ,  206228 138154 222230 242278 152164 240250 213245 280332 197229 161177 177197 193201
OtsAC20NSNT_0553 ,  220220 154160 170182 242290 134152 250266 209233 348348 213237 119159 177193 233237
OtsAC20NSNT_0558 ,  222228 134154 230234 258286 138142 206286 229281 344352 209233 219227 177193 199205
OtsAC20NSNT_0562 ,  228228 138138 218238 254274 138146 206244 181257 308348 225279 177233 177177 203211
OtsAC20NSNT_0574 ,  222228 154158 194230 200238 142160 270288 177241 300300 279299 137189 177193 201203
OtsAC20NSNT_0576 ,  220220 138154 186190 238258 142196 248266 177177 352406 205205 157207 177189 199201
OtsAC20NSNT_0579 ,  220228 138160 218222 200258 146164 244250 177237 188356 205221 161193 177193 199227
OtsAC20NSNT_0593 ,  220222 134154 222226 250266 164164 222230 229229 280426 229229 161191 177197 199201
OtsAC20NSNT_0598 ,  206220 138138 170222 242274 142168 234246 229257 284336 209291 115193 161193 201201
OtsAC20NSNT_0612 ,  220228 138154 202226 258270 134152 210266 181217 324344 233275 137241 193193 205237
OtsAC20NSNT_0663 ,  224228 138160 182194 242242 142164 266282 201221 188320 205233 191205 177177 199237
OtsAC20NSNT_0692 ,  206220 138166 186230 246266 142146 258266 177237 336340 193213 137193 165177 199233
OtsAC20NSNT_0697 ,  228228 138154 202230 200258 138164 226230 265281 284344 193213 161161 165165 201237
OtsAC20NSNT_0713 ,  220220 154166 186222 238258 142188 244266 213237 312316 213275 115161 177197 237237
OtsAC20NSNT_0727 ,  206222 136138 218230 242270 142164 266288 253265 304356 193197 169253 193197 227237
OtsAC20NSNT_0728 ,  206220 138138 214230 238278 146152 222266 181181 236316 205237 159181 193193 201233
OtsAC20NSNT_0729 ,  228228 138154 234234 238262 142142 250266 209233 312344 221233 181227 177197 199201
OtsAC20NSNT_0739 ,  220236 154160 190230 238274 146164 250288 209217 304356 205205 161189 177189 201203
OtsAC20NSNT_0751 ,  216228 138138 186222 258258 142168 230274 181229 188344 233287 115219 177193 201205
OtsAC20NSNT_0760 ,  220222 138158 222234 200242 134164 258270 177229 184414 229233 137169 177193 201237
OtsAC20NSNT_0810 ,  222228 156166 198230 234270 142146 244270 249261 356372 205205 137219 193193 199227
OtsAC20NSNT_0824 ,  222228 138138 222230 242246 134164 240262 181229 336348 205233 137193 165193 199237
OtsAC20NSNT_0840 ,  220228 134154 202230 254270 134164 250266 233237 284332 221237 197241 189193 199227
OtsAC20NSNT_0871 ,  222228 138154 218222 242270 134142 206214 205217 312344 209233 115193 165193 193201
OtsAC20NSNT_0923 ,  220222 154154 230234 200242 142146 234234 241273 288312 197275 137203 189193 199221
OtsAC20NSNT_0955 ,  222228 138154 194226 234266 138152 236244 201225 252324 205275 161203 193197 203219
OtsAC20NSNT_0982 ,  222222 138154 194234 238258 142142 250250 205245 188352 205229 173181 177193 201207
OtsAC20NSNT_1017 ,  206222 134154 170226 242242 142168 254262 181237 312312 221233 191219 177193 201233
OtsAC20NSNT_1026 ,  220220 134154 214222 242254 138184 172238 241249 320406 213275 115201 177177 199237
OtsAC20NSNT_1052 ,  220228 138162 182190 242258 160168 230240 185233 184340 221229 115173 177189 205237
OtsAC20NSNT_1063 ,  220236 138154 190202 258290 152168 246250 229281 332352 213237 161181 177193 205227
OtsAC20NSNT_1107 ,  220220 138154 194194 258270 168184 222286 217241 300344 221225 115205 177177 199237
OtsAC20NSNT_1120 ,  222236 138154 222226 242286 138142 206250 249281 344376 201233 159165 165193 237237
OtsAC20NSNT_1133 ,  220236 138154 210234 238278 142160 250262 205229 308320 209229 173223 177197 207219
OtsAC20NSNT_1145 ,  220236 154158 214226 238242 134184 218266 233261 188280 209213 197247 177177 219237
OtsAC20NSNT_1226 ,  222240 134138 194226 242246 142156 250270 237249 316340 193229 193235 177193 199205
OtsAC20NSNT_1288 ,  206228 138154 198230 238242 152184 222266 181233 188236 205205 181197 161177 201219
OtsAC20NSNT_1313 ,  220222 154158 222226 200242 138168 240250 217233 252304 213273 189201 165193 201201
OtsAC20NSNT_1356 ,  228228 138138 190214 242270 160164 222266 209249 308324 193229 115177 193193 199227
OtsAC20NSNT_1376 ,  220220 138162 198222 274274 152168 206266 229229 316376 205273 119161 165189 201227
OtsAC20NSNT_1389 ,  218220 154156 186226 262270 142156 246256 173225 316348 201291 177193 177177 199207
OtsAC20NSNT_1390 ,  220236 134154 222234 258286 142164 236250 249281 344376 201233 165235 165193 237237
OtsAC20NSNT_1439 ,  214220 138154 230234 234286 146160 266266 205209 304352 201237 189191 189193 199203
OtsAC20NSNT_1451 ,  220220 154160 222222 262274 142208 242254 213269 188296 197237 191245 165177 193199
OtsAC20NSNT_1457 ,  222228 154154 202218 218234 164168 226270 213257 188352 193287 135181 193217 199221
OtsAC20NSNT_1486 ,  228236 138154 214226 238270 142184 234278 217241 316406 205275 119135 165193 201203
OtsAC20NSNT_1524 ,  220222 134138 218234 278282 160168 214244 249257 252352 213229 181227 177197 233237
OtsAC20NSNT_1541 ,  222228 134134 222230 242270 164168 206262 237237 324422 229237 137177 177177 199237
OtsCC19NSNT_1386 ,  206222 134154 182186 000000 142152 206250 241257 252348 237287 187189 193197 201221
OtsCC19NSNT_2374 ,  206222 134154 182202 000000 152168 244250 173233 332336 000000 000000 165193 000000  