Offspring Ot211-1 Ot211-2 OtG409-1 OtG409-2 Ot215-1 Ot215-2 Ot515-1 Ot515-2 Ot201-1 Ot201-2 Ogo2-1 Ogo2-2 Ssa408-1 Ssa408-2 OtG249-1 OtG249-2 Ot212-1 Ot212-2 OtG474-1 OtG474-2 Ogo4-1 Ogo4-2 OtG311-1 OtG311-2 
OtsAC17NSNT_2678 238 254 161 177 222 234 203 237 194 226 212 220 205 213 225 281 138 142 177 197 138 154 280 352
OtsAC17NSNT_2681 278 282 205 207 210 248 199 199 170 230 220 222 221 233 233 237 142 142 189 193 134 154 324 360
OtsAC17NSNT_2685 278 282 207 215 262 270 203 227 194 210 220 222 193 197 233 281 152 172 165 177 134 138 316 336
OtsAC17NSNT_2690 254 274 177 193 250 250 199 233 186 234 206 220 193 233 241 273 152 172 165 177 138 166 184 336
OtsAC17NSNT_2694 238 278 119 253 250 250 199 227 186 226 220 220 213 229 205 229 152 152 193 197 138 154 252 280
OtsAC17NSNT_2695 270 278 177 235 250 254 183 199 198 234 210 236 205 291 237 249 138 168 177 177 134 160 268 280
OtsAC17NSNT_2696 274 286 157 181 248 270 227 233 170 186 222 228 205 205 217 261 164 168 165 165 134 154 256 336
OtsAC17NSNT_2698 246 286 161 235 254 282 199 207 190 230 220 222 201 213 217 261 134 142 165 177 134 154 324 414
OtsAC17NSNT_2704 266 278 185 235 234 270 193 219 186 186 206 222 197 205 229 241 134 172 177 177 154 156 316 336
OtsAC17NSNT_2706 246 266 137 193 240 250 201 237 190 198 214 226 205 233 257 261 142 160 189 189 134 160 308 336
OtsAC17NSNT_2710 234 274 191 235 266 288 201 219 194 230 220 222 229 233 181 245 138 172 189 193 138 154 316 340
OtsAC17NSNT_2712 270 270 135 189 234 250 201 227 186 202 222 236 229 233 273 273 172 180 177 177 134 160 380 406
OtsAC17NSNT_2714 266 266 115 191 240 250 227 237 202 234 220 224 197 237 221 237 152 156 193 193 134 154 344 352
OtsAC17NSNT_2718 242 286 177 189 222 262 199 199 202 214 218 218 205 221 205 217 138 172 177 189 138 138 300 304
OtsAC17NSNT_2719 262 266 137 231 244 248 201 221 218 226 220 228 225 229 245 257 138 168 161 189 134 138 332 344
OtsAC17NSNT_2722 270 278 115 177 248 248 199 227 170 182 220 222 193 229 209 241 134 164 193 193 138 154 324 336
OtsAC17NSNT_2724 238 274 115 155 222 262 201 237 210 230 222 228 213 225 205 229 146 152 165 177 138 156 324 336
OtsAC17NSNT_2726 270 278 157 235 242 256 199 237 190 234 210 236 205 273 181 237 164 184 177 193 154 154 272 312
OtsAC17NSNT_2727 258 282 119 227 236 282 201 233 222 238 206 228 189 279 233 277 146 152 165 193 134 154 272 394
OtsAC17NSNT_2729 286 286 181 253 222 286 201 227 202 234 206 220 181 233 233 237 138 142 165 177 138 154 292 300
OtsAC17NSNT_2731 238 242 133 173 238 254 199 227 230 230 222 228 205 233 181 229 146 164 189 217 138 154 188 272
OtsAC17NSNT_2734 270 282 115 193 222 246 197 199 222 234 220 220 233 237 225 257 164 172 165 189 138 154 236 336
OtsAC17NSNT_2737 250 266 137 189 250 270 193 233 186 222 220 220 205 225 193 229 142 164 177 177 138 154 316 340
OtsAC17NSNT_2738 226 250 159 235 244 250 203 233 170 230 222 226 229 287 233 277 134 152 193 217 156 162 296 340
OtsAC17NSNT_2739 200 242 181 181 266 282 203 205 190 202 220 220 193 291 213 257 142 168 189 193 138 154 324 336
OtsAC17NSNT_2740 278 278 227 233 250 270 199 233 170 186 220 222 205 205 213 237 142 168 165 189 138 154 184 380
OtsAC17NSNT_2741 242 282 137 141 172 172 203 237 170 218 206 236 193 229 217 277 142 164 177 177 138 154 316 348
OtsAC17NSNT_2743 266 290 177 223 214 242 199 201 174 222 222 224 213 225 181 237 138 184 161 197 154 154 312 332
OtsAC17NSNT_2747 200 270 115 235 242 266 199 199 190 190 206 220 237 291 237 249 138 184 165 193 138 154 312 380
OtsAC17NSNT_2749 250 258 181 235 244 266 199 201 222 230 222 236 229 291 177 213 142 172 165 177 134 154 320 336
OtsAC17NSNT_2750 242 258 115 157 250 250 193 199 198 222 222 228 205 237 181 181 168 168 177 189 154 154 308 316
OtsAC17NSNT_2752 238 278 115 193 262 286 193 199 170 218 206 222 193 233 225 245 152 160 189 189 134 138 332 360
OtsAC17NSNT_2753 270 278 241 253 222 262 197 237 218 234 220 220 213 287 217 237 152 164 177 177 138 138 312 344
OtsAC17NSNT_2754 258 262 191 227 234 252 201 203 230 234 212 220 193 205 177 181 152 184 177 197 134 154 288 340
OtsAC17NSNT_2755 274 282 137 193 214 262 237 237 222 226 226 228 193 221 173 173 160 168 193 217 154 160 280 406
OtsAC17NSNT_2756 242 278 165 227 246 254 199 199 234 234 206 222 209 233 177 261 142 142 189 193 138 160 336 352
OtsAC17NSNT_2757 242 282 135 137 234 256 201 221 170 230 220 236 205 209 225 237 146 168 189 189 138 154 184 336
OtsAC17NSNT_2759 250 282 215 251 270 282 199 233 194 230 222 236 229 283 237 237 134 168 177 193 134 134 280 352
OtsAC17NSNT_2761 238 254 191 219 242 250 199 233 218 222 222 224 205 225 225 285 134 142 177 197 138 158 236 348
OtsAC17NSNT_2763 282 286 191 197 248 270 227 227 186 230 212 228 205 205 217 229 164 172 165 193 134 154 328 344
OtsAC17NSNT_2768 262 270 181 219 222 262 193 233 214 234 212 222 225 291 229 237 142 142 177 189 134 154 188 348
OtsAC17NSNT_2771 238 242 137 161 210 226 199 233 222 230 222 236 221 233 237 261 138 142 177 189 134 138 340 392
OtsAC17NSNT_2772 250 278 207 235 270 288 199 233 194 222 228 236 229 283 221 229 160 172 165 177 134 138 312 394
OtsAC17NSNT_2778 246 302 139 189 210 270 199 201 206 222 220 222 213 283 217 261 142 208 177 177 138 154 328 332
OtsAC17NSNT_2779 234 270 115 191 246 248 201 233 198 222 212 220 193 205 185 225 164 204 165 177 134 138 312 324
OtsAC17NSNT_2780 222 270 181 219 222 242 199 227 206 230 220 222 197 221 233 293 142 160 177 189 134 154 332 348
OtsAC17NSNT_2781 242 270 137 181 236 238 205 207 222 222 220 222 209 275 261 273 164 176 177 189 134 160 316 328
OtsAC17NSNT_2782 200 270 161 161 206 266 201 203 222 226 214 220 221 233 201 225 134 164 177 177 138 154 276 340
OtsAC17NSNT_2784 242 286 177 193 214 262 199 205 222 234 218 220 205 233 233 269 134 142 193 193 154 154 304 414
OtsAC17NSNT_2786 200 238 135 161 206 258 227 233 198 234 214 222 233 283 233 237 142 164 161 177 154 154 188 356
OtsAC17NSNT_2787 234 242 135 253 206 282 201 201 222 222 220 220 229 295 241 261 146 160 189 197 138 138 284 352
OtsAC17NSNT_2791 254 270 177 253 248 262 199 203 202 234 220 220 205 213 213 225 164 164 165 177 138 154 280 336
OtsAC17NSNT_2794 234 270 161 161 222 222 199 237 230 238 206 222 205 237 229 249 142 152 165 189 154 154 252 300
OtsAC17NSNT_2797 242 270 201 235 222 250 205 227 170 230 218 220 221 233 225 245 160 164 189 193 138 162 356 356
OtsAC17NSNT_2798 262 290 153 177 222 254 221 233 226 230 220 222 205 205 205 289 142 146 193 193 138 138 284 324
OtsAC17NSNT_2801 242 242 115 189 206 254 199 201 194 222 212 222 205 283 217 237 164 208 177 177 138 154 312 328
OtsAC17NSNT_2802 242 258 115 119 230 282 205 237 202 230 206 222 205 205 233 241 160 164 177 189 138 160 328 340
OtsAC17NSNT_2803 258 282 137 161 266 266 201 233 222 238 220 228 189 279 249 277 134 172 177 217 134 154 328 332
OtsAC17NSNT_2806 242 278 193 241 230 246 193 199 170 230 220 220 225 233 177 249 142 168 165 193 134 138 336 336
OtsAC17NSNT_2814 200 218 115 115 242 278 199 233 186 230 222 236 197 221 233 237 142 156 189 197 134 138 312 340
OtsAC17NSNT_2816 266 266 185 247 218 234 227 233 210 222 220 236 233 283 185 257 138 168 165 197 154 156 308 332
OtsAC17NSNT_2820 242 282 119 235 254 266 219 237 190 198 220 220 233 279 229 229 164 168 189 197 134 138 252 324
OtsAC17NSNT_2824 200 254 185 247 172 252 227 227 210 218 220 236 205 213 257 257 142 164 177 197 154 156 308 316
OtsAC17NSNT_2825 234 282 135 201 222 256 193 233 190 238 206 220 189 275 217 241 146 164 177 177 138 138 188 352
OtsAC17NSNT_2826 242 262 219 235 238 240 193 201 194 230 228 228 193 209 185 225 142 164 177 193 138 154 308 316
OtsAC17NSNT_2827 0 0 115 155 0 0 205 227 218 222 206 228 205 209 205 257 138 152 193 197 154 162 288 352
OtsAC17NSNT_2831 200 246 161 193 242 266 201 201 190 222 220 220 205 233 225 261 152 168 189 193 138 154 308 316
OtsAC17NSNT_2832 234 282 181 235 242 250 233 233 186 190 214 228 205 221 177 205 146 146 193 197 138 154 316 336
OtsAC17NSNT_2841 250 270 177 181 260 278 199 227 222 230 206 220 205 221 181 261 152 164 177 189 154 154 252 308
OtsAC17NSNT_2843 0 0 0 0 218 250 0 0 230 234 220 228 229 275 225 229 134 160 165 177 154 160 292 406
OtsAC17NSNT_2844 242 258 161 163 210 250 201 233 230 234 212 222 287 287 257 273 138 138 189 193 138 154 316 316
OtsAC17NSNT_2845 246 286 161 193 250 282 199 237 222 230 222 236 205 213 217 261 134 142 165 177 134 138 316 414
OtsAC17NSNT_2847 242 270 181 189 222 262 199 199 190 230 206 220 213 233 273 273 164 180 177 189 138 154 344 426
OtsAC17NSNT_2850 242 270 195 235 254 282 193 227 190 190 206 210 189 291 233 253 138 164 165 177 154 160 316 380
OtsAC17NSNT_2853 270 270 189 227 244 244 221 233 0 0 222 228 205 229 177 217 156 164 165 177 154 154 188 324
OtsAC17NSNT_2858 242 266 201 231 246 248 201 221 170 218 220 220 225 229 229 257 146 168 177 189 138 138 188 344
OtsAC17NSNT_2859 258 270 177 193 266 278 193 199 198 230 206 220 193 237 181 245 152 164 177 189 154 154 316 316
OtsAC17NSNT_2863 242 282 181 181 222 262 199 199 230 238 220 222 213 237 177 273 172 180 177 197 138 138 188 296
OtsAC17NSNT_2865 258 278 197 207 250 254 201 205 194 198 228 236 193 237 237 237 156 168 177 177 138 154 268 272
OtsAC17NSNT_2866 238 262 137 153 240 266 221 237 190 222 216 220 205 291 225 277 138 146 177 193 154 154 316 356
OtsAC17NSNT_2867 242 282 181 235 206 288 199 233 186 190 220 220 237 291 213 237 138 168 177 177 134 138 280 348
OtsAC17NSNT_2871 262 278 181 193 218 270 199 227 198 230 220 220 233 233 225 233 156 164 165 189 154 154 320 344
OtsAC17NSNT_2873 246 250 161 189 244 282 205 207 202 214 220 222 233 237 237 237 142 168 177 189 134 160 184 284
OtsAC17NSNT_2875 242 294 115 137 254 282 201 237 182 234 220 224 233 233 177 257 160 168 177 193 154 160 284 324
OtsAC17NSNT_2876 242 262 153 161 250 258 201 205 198 206 218 222 209 209 213 233 142 168 189 193 154 160 340 406
OtsAC17NSNT_2883 242 270 119 197 222 250 227 237 170 234 218 228 197 275 237 257 164 164 165 189 138 162 344 344
OtsAC17NSNT_2884 242 274 133 165 262 262 201 237 198 230 228 236 237 299 229 233 152 152 177 189 138 154 340 344
OtsAC17NSNT_2885 250 270 193 197 222 226 201 201 222 230 214 222 205 287 209 209 142 160 161 193 134 154 300 406
OtsAC17NSNT_2886 258 262 227 235 236 244 205 233 194 238 220 222 193 205 237 257 134 152 165 177 138 154 288 344
OtsAC17NSNT_2889 234 242 135 187 242 256 233 237 194 230 220 220 213 213 177 265 146 152 189 189 154 154 236 320
OtsAC17NSNT_2894 242 258 115 235 262 286 199 205 222 226 218 220 213 233 237 301 134 212 189 193 138 166 308 348
OtsAC17NSNT_2895 234 262 137 181 234 246 237 237 222 230 224 228 209 221 217 261 138 142 177 193 138 154 332 340
OtsAC17NSNT_2897 200 218 115 191 242 278 199 233 186 230 224 236 221 229 225 237 142 146 177 197 154 154 312 394
OtsAC17NSNT_2902 0 0 115 169 240 292 219 221 186 190 220 222 193 205 233 241 142 172 177 177 138 138 336 344
OtsAC17NSNT_2903 266 270 161 191 244 282 193 201 190 218 206 222 221 221 209 233 142 160 177 193 142 154 336 340
OtsAC17NSNT_2904 200 242 181 197 266 274 199 201 226 230 206 220 213 291 181 253 152 164 177 193 138 156 320 356
OtsAC17NSNT_2908 270 290 161 193 262 286 199 237 182 230 220 220 205 283 177 245 142 142 177 177 138 154 316 340
OtsAC17NSNT_2909 242 262 115 137 254 266 193 199 190 202 206 220 237 291 237 253 142 184 161 165 134 154 312 312
OtsAC17NSNT_2910 250 290 115 157 244 266 201 201 190 202 206 220 197 237 225 277 164 184 177 177 138 154 188 340
OtsAC17NSNT_2911 266 274 165 181 266 286 199 233 194 198 220 220 209 221 205 229 142 152 189 189 138 138 296 336
OtsAC17NSNT_2915 274 278 161 191 234 234 183 201 190 214 212 228 205 287 181 249 138 138 177 177 154 156 236 340
OtsAC17NSNT_2917 258 282 119 137 236 282 201 233 186 218 206 228 205 233 249 277 152 172 177 217 154 166 328 332
OtsAC17NSNT_2919 258 258 161 195 250 270 207 219 178 202 220 228 193 193 213 229 168 168 177 177 138 138 304 320
OtsAC17NSNT_2921 286 290 181 191 244 250 199 203 198 218 220 228 205 233 205 241 138 138 177 193 138 154 288 352
OtsAC17NSNT_2922 262 278 191 197 250 252 199 203 218 230 220 222 205 221 209 233 142 152 189 189 138 138 296 348
OtsAC17NSNT_2924 238 266 161 237 222 246 197 201 170 186 220 228 213 237 225 257 134 172 165 193 138 138 236 308
OtsAC17NSNT_2925 250 262 161 165 222 242 201 233 194 234 220 236 205 275 261 261 164 184 177 189 138 138 280 352
OtsAC17NSNT_2926 242 246 119 181 240 256 199 203 230 230 228 228 225 237 229 233 160 160 177 193 134 160 332 380
OtsAC17NSNT_2927 242 282 181 187 248 250 199 201 230 230 222 228 205 205 217 257 134 184 189 193 134 134 316 332
OtsAC17NSNT_2928 218 278 161 201 222 262 199 221 214 222 206 220 233 233 217 249 164 184 177 189 138 138 256 352
OtsAC17NSNT_2930 258 258 115 133 246 286 207 233 182 198 236 240 197 209 209 241 142 160 177 193 134 138 332 344
OtsAC17NSNT_2934 246 262 189 191 206 222 199 201 202 222 220 220 189 205 217 257 164 168 189 189 138 138 320 328
OtsAC17NSNT_2935 238 242 191 247 246 270 201 205 198 234 218 220 237 275 241 269 164 168 177 189 134 156 280 316
OtsAC17NSNT_2936 242 270 137 161 266 282 201 227 190 230 220 222 189 213 233 273 134 142 177 189 138 138 336 352
OtsAC17NSNT_2937 234 266 161 191 222 278 199 233 198 202 220 222 275 279 177 241 164 164 165 189 134 154 316 332
OtsAC17NSNT_2939 242 274 153 193 248 266 193 199 198 226 222 228 193 229 185 205 146 152 177 189 138 158 340 348
OtsAC17NSNT_2946 234 258 181 227 250 250 227 237 194 234 220 228 201 225 221 273 164 168 177 193 138 154 332 332
OtsAC17NSNT_2947 242 278 233 269 250 250 201 219 198 230 220 222 213 221 217 245 142 152 177 193 154 160 320 336
OtsAC17NSNT_2948 250 258 191 247 222 282 193 201 194 198 218 220 237 275 261 269 164 168 189 197 154 156 292 352
OtsAC17NSNT_2952 200 254 177 235 234 252 219 233 202 202 222 222 205 229 233 237 152 164 177 177 154 154 280 316
OtsAC17NSNT_2954 254 282 115 185 210 248 201 203 182 222 222 236 205 267 201 233 138 172 177 189 154 162 316 332
OtsAC17NSNT_2959 200 242 161 189 242 246 227 233 222 234 222 222 193 233 185 241 142 152 193 193 134 138 324 336
OtsAC17NSNT_2962 242 290 227 231 262 266 199 201 186 218 222 228 205 237 241 253 164 164 189 217 138 138 272 320
OtsAC17NSNT_2963 254 258 137 161 250 270 199 201 186 218 228 236 205 205 181 225 152 184 177 193 138 154 236 348
OtsAC17NSNT_2965 250 278 181 191 242 244 205 205 186 222 206 220 193 233 233 253 146 176 193 197 138 154 244 348
OtsAC17NSNT_2967 242 266 115 115 236 274 199 227 174 222 222 228 197 237 233 237 142 168 161 193 154 154 332 372
OtsAC17NSNT_2972 200 242 231 235 242 266 199 199 190 202 206 220 237 291 237 237 138 184 165 193 134 138 312 380
OtsAC17NSNT_2974 246 286 169 181 266 288 199 199 194 206 210 220 201 233 249 261 152 152 177 177 134 160 184 188
OtsAC17NSNT_2977 258 278 115 193 250 286 193 207 198 222 206 222 225 233 177 245 142 142 177 189 138 160 336 360
OtsAC17NSNT_2978 258 270 181 253 242 244 201 237 230 230 220 222 193 233 177 181 134 168 165 193 138 154 288 328
OtsAC17NSNT_2979 242 250 161 191 246 282 201 205 194 234 206 218 275 283 241 269 134 184 189 197 154 154 292 352
OtsAC17NSNT_2983 242 286 177 229 214 262 199 205 230 234 220 228 193 229 241 269 142 142 193 217 154 154 304 356
OtsAC17NSNT_2984 200 242 219 241 234 266 199 207 162 222 220 228 201 279 217 237 138 164 197 213 134 138 332 340
OtsAC17NSNT_2986 266 278 181 221 226 254 199 201 198 202 218 220 201 213 217 225 138 184 177 217 154 154 320 348
OtsAC17NSNT_2989 242 278 161 161 282 286 227 237 190 230 210 220 237 273 177 213 142 164 177 193 138 154 292 312
OtsAC17NSNT_2991 258 270 137 181 244 260 193 199 198 230 220 222 205 221 261 273 152 164 177 177 154 154 316 316
OtsAC17NSNT_2992 238 238 155 165 222 266 201 237 186 230 222 236 213 263 205 257 134 164 165 177 138 162 316 336
OtsAC17NSNT_2994 238 310 115 219 246 250 201 201 230 238 220 222 193 213 177 205 164 164 165 177 154 160 248 344
OtsAC17NSNT_2998 200 286 159 201 250 266 229 233 194 210 212 220 221 275 177 233 134 152 177 197 138 160 312 344
OtsAC17NSNT_3003 250 254 115 191 242 250 199 233 190 222 228 236 221 237 213 261 142 164 193 197 154 154 272 308
OtsAC17NSNT_3006 242 242 187 191 222 222 219 233 186 222 220 220 205 287 229 229 142 152 177 177 138 164 244 316
OtsAC17NSNT_3009 200 270 193 233 250 288 199 237 202 230 220 236 197 229 265 269 138 142 189 213 134 138 336 380
OtsAC17NSNT_3011 242 258 169 205 250 250 219 219 202 202 206 222 189 237 229 237 152 152 177 197 134 138 240 332
OtsAC17NSNT_3013 258 270 165 177 230 262 199 227 202 222 228 228 197 275 237 261 134 142 181 193 154 154 336 340
OtsAC17NSNT_3019 242 290 193 219 240 250 219 221 194 230 220 222 205 237 205 213 138 152 189 193 138 160 284 336
OtsAC17NSNT_3025 200 278 153 219 244 244 203 233 166 222 220 222 221 275 225 233 138 208 165 189 138 154 316 332
OtsAC17NSNT_3029 200 258 161 177 222 288 221 237 170 194 220 220 205 213 233 277 134 138 177 193 138 156 332 344
OtsAC17NSNT_3030 238 274 201 231 246 258 199 221 222 230 220 220 193 221 241 281 152 164 177 177 138 162 316 340
OtsAC17NSNT_3031 234 258 137 177 226 254 199 199 170 198 210 220 201 205 241 265 138 164 177 177 138 154 308 328
OtsAC17NSNT_3033 238 242 161 191 222 282 193 201 194 198 206 218 205 283 237 241 164 168 177 189 134 156 280 292
OtsAC17NSNT_3035 242 270 201 235 206 222 227 227 222 234 218 228 197 275 237 257 160 164 165 189 138 162 344 344
OtsAC17NSNT_3036 238 274 137 201 262 286 193 205 186 210 220 222 205 229 205 229 152 164 177 189 154 156 236 348
OtsAC17NSNT_3037 238 270 189 235 240 244 199 233 194 222 206 220 205 205 205 233 168 168 177 193 138 154 316 348
OtsAC17NSNT_3038 258 258 181 191 250 254 201 205 230 234 220 222 197 245 237 249 134 134 165 177 138 138 340 344
OtsAC17NSNT_3039 266 286 161 227 206 250 201 203 186 230 220 228 193 225 237 265 142 142 165 177 138 156 188 252
OtsAC17NSNT_3040 270 286 161 229 254 288 199 237 186 202 228 236 229 233 249 269 138 168 193 213 154 166 332 356
OtsAC17NSNT_3053 258 282 181 181 246 250 199 201 182 194 220 228 229 229 181 241 134 164 177 197 138 138 332 348
OtsAC17NSNT_3056 234 242 177 233 250 266 201 227 170 218 222 222 233 237 225 237 142 152 165 177 138 160 252 324
OtsAC17NSNT_3066 258 274 177 195 226 254 199 233 230 230 210 220 201 233 229 241 138 160 177 193 138 154 308 328
OtsAC17NSNT_3067 238 250 177 221 250 270 205 237 166 222 212 220 233 237 233 289 146 156 193 197 138 154 340 406
OtsAC17NSNT_3074 262 290 161 165 234 250 199 227 218 226 220 220 205 221 181 237 142 152 177 189 154 160 312 312
OtsAC17NSNT_3075 258 282 189 191 274 286 203 237 222 230 220 224 205 287 229 241 146 164 161 177 154 154 328 336
OtsAC17NSNT_3080 242 242 177 207 234 248 201 205 214 226 206 222 197 205 241 257 164 172 165 193 138 154 316 328
OtsAC17NSNT_3081 246 270 163 193 248 266 227 233 182 186 220 222 205 221 181 217 134 172 165 189 156 160 320 336
OtsAC17NSNT_3082 270 278 115 137 172 254 199 241 202 214 220 222 209 229 205 233 138 146 177 177 154 154 336 340
OtsAC17NSNT_3084 200 258 219 219 258 258 201 233 186 190 220 220 193 205 257 257 134 160 189 193 154 156 184 406
OtsAC17NSNT_3088 200 242 181 189 242 248 201 221 198 226 206 228 233 287 205 237 152 176 193 221 138 138 292 296
OtsAC17NSNT_3089 242 270 189 227 250 270 193 237 182 230 206 222 197 221 237 261 134 152 165 189 134 154 292 320
OtsAC17NSNT_3101 258 282 159 205 248 266 201 233 194 222 220 228 233 237 201 205 134 168 177 193 134 138 236 332
OtsAC17NSNT_3108 242 250 191 229 238 278 199 201 190 214 206 220 213 221 197 261 164 168 165 197 138 154 312 416
OtsAC17NSNT_3112 242 266 119 235 254 270 205 221 190 194 206 228 225 229 181 241 138 164 165 197 154 154 312 316
OtsAC17NSNT_3115 278 290 115 161 244 278 203 233 190 234 210 228 193 193 233 249 134 160 177 193 138 160 252 296
OtsAC17NSNT_3116 246 270 161 193 250 286 199 237 182 190 220 236 201 213 177 241 142 156 165 177 134 154 316 414
OtsAC17NSNT_3120 270 274 115 161 244 252 233 233 198 198 214 220 197 233 245 245 146 168 161 193 134 154 316 388
OtsAC17NSNT_3124 238 258 173 203 206 222 201 237 186 186 220 236 213 225 205 205 142 146 165 193 154 156 324 336
OtsAC17NSNT_3126 258 278 115 247 248 262 201 203 222 234 220 220 233 237 241 261 138 184 177 189 138 166 320 324
OtsAC17NSNT_3127 262 266 177 177 226 250 203 205 226 230 222 228 197 273 233 249 152 164 177 193 138 154 340 352
OtsAC17NSNT_3128 250 278 137 155 210 230 227 233 222 222 228 236 229 283 221 229 160 172 165 177 134 154 312 348
OtsAC17NSNT_3130 278 282 161 189 242 262 199 199 186 230 206 220 197 205 213 229 146 164 165 177 138 138 256 348
OtsAC17NSNT_3131 226 278 187 219 206 250 201 233 182 222 212 220 205 233 229 229 152 152 177 193 138 164 312 356
OtsAC17NSNT_3135 246 278 187 219 246 282 201 227 230 234 222 228 225 229 177 249 164 184 193 197 154 160 316 328
OtsAC17NSNT_3138 242 262 115 161 250 274 227 237 186 230 220 222 193 197 185 213 164 164 177 193 134 154 240 308
OtsAC17NSNT_3140 242 270 161 191 240 246 201 207 186 186 222 236 193 209 237 257 164 168 177 193 138 138 348 388
OtsAC17NSNT_3142 238 262 137 137 210 270 199 207 170 222 214 228 221 225 237 253 142 168 177 193 156 160 0 0
OtsAC17NSNT_3144 246 270 137 227 178 266 203 227 210 226 220 228 221 279 201 241 134 184 177 193 134 156 292 344
OtsAC17NSNT_3145 274 278 119 219 234 250 201 237 226 226 220 222 229 275 181 181 134 172 189 197 162 162 324 336
OtsAC17NSNT_3146 242 270 189 227 244 244 199 221 230 230 220 228 205 229 209 217 156 164 165 177 154 154 188 324
OtsAC17NSNT_3148 242 242 185 197 248 266 199 233 202 230 218 220 213 237 185 233 142 160 189 189 156 166 316 344
OtsAC17NSNT_3153 222 242 115 177 246 266 193 237 230 234 222 236 197 205 181 229 138 142 177 217 138 138 316 344
OtsAC17NSNT_3154 270 282 119 219 254 256 199 207 214 222 220 220 181 267 217 273 160 172 185 189 138 154 184 344
OtsAC17NSNT_3159 200 270 137 181 258 266 199 201 198 218 206 206 229 233 237 249 142 152 165 177 138 154 240 356
OtsAC17NSNT_3160 238 258 173 203 222 262 183 201 186 210 220 228 213 221 205 205 142 164 177 189 138 154 324 336
OtsAC17NSNT_3165 242 278 111 201 250 266 201 207 182 190 220 222 229 237 181 249 142 146 177 189 134 154 324 418
OtsAC17NSNT_3166 242 270 135 137 242 266 199 227 190 190 220 236 233 279 177 249 138 152 189 193 134 138 188 332
OtsAC17NSNT_3170 200 254 115 137 242 244 201 233 186 222 220 228 197 229 241 277 168 172 177 177 154 154 352 360
OtsAC17NSNT_3172 238 278 177 219 266 266 201 207 202 230 220 236 197 205 249 257 138 152 165 193 138 156 296 332
OtsAC17NSNT_3174 250 258 207 245 210 266 227 237 202 226 220 222 221 279 209 229 160 164 177 217 138 158 240 340
OtsAC17NSNT_3177 238 278 161 215 244 288 199 201 190 222 220 222 221 221 229 269 152 164 177 213 138 154 252 316
OtsAC17NSNT_3179 218 258 0 0 240 248 0 0 198 234 220 220 213 263 233 249 168 176 177 193 138 154 280 352
OtsAC17NSNT_3185 234 274 115 133 206 252 201 227 218 234 206 222 197 273 229 233 160 168 193 193 160 162 320 344
OtsAC17NSNT_3186 258 270 181 187 206 242 199 205 178 218 222 228 201 205 225 261 152 184 177 193 154 154 328 336
OtsAC17NSNT_2676 242 262 137 253 246 262 201 219 170 230 206 220 205 233 237 257 152 160 177 189 154 154 244 352
OtsAC17NSNT_2677 234 278 115 235 234 270 201 219 186 186 222 222 197 205 205 229 164 172 165 177 138 138 336 336
OtsAC17NSNT_2679 266 278 207 215 234 262 199 203 194 210 220 220 193 197 209 233 160 172 165 177 138 138 316 336
OtsAC17NSNT_2680 262 270 177 231 244 254 201 237 226 230 206 236 205 229 225 277 146 146 177 197 138 160 188 324
OtsAC17NSNT_2682 238 270 191 201 244 282 237 237 190 218 220 228 205 221 233 233 160 164 193 217 142 154 336 426
OtsAC17NSNT_2683 258 278 137 191 234 266 205 219 218 226 220 220 221 275 229 233 152 152 165 193 154 154 300 312
OtsAC17NSNT_2684 234 270 201 235 234 262 199 221 190 222 220 228 209 275 177 217 146 160 189 197 138 154 284 328
OtsAC17NSNT_2687 262 266 155 229 238 266 201 203 202 222 222 236 221 233 237 293 142 176 165 177 154 154 296 352
OtsAC17NSNT_2688 242 282 161 169 258 274 201 201 190 198 212 220 205 221 213 269 164 172 161 177 134 162 284 308
OtsAC17NSNT_2689 234 266 163 215 262 270 203 227 194 210 220 222 197 221 209 281 142 160 165 177 138 138 316 336
OtsAC17NSNT_2691 278 282 181 191 236 242 201 205 218 218 206 236 201 205 237 249 142 168 177 177 154 160 344 352
OtsAC17NSNT_2692 238 270 181 247 266 270 199 201 210 218 220 228 213 229 173 257 164 164 193 193 134 134 328 344
OtsAC17NSNT_2693 0 0 169 169 222 270 199 207 182 194 228 236 209 221 237 249 146 168 177 217 134 154 280 312
OtsAC17NSNT_2697 246 266 115 193 234 274 199 233 194 222 222 236 209 225 221 277 142 152 193 197 154 154 304 332
OtsAC17NSNT_2699 254 262 189 235 250 270 199 201 202 222 222 228 205 279 213 269 142 184 177 193 138 160 244 340
OtsAC17NSNT_2700 242 278 241 245 244 266 207 233 222 226 222 222 221 229 205 261 142 142 177 189 134 154 252 344
OtsAC17NSNT_2701 270 282 135 235 254 256 199 203 202 230 210 220 205 213 241 253 146 184 165 189 154 154 236 380
OtsAC17NSNT_2702 242 282 137 197 266 286 201 201 186 202 214 228 205 221 209 217 142 184 177 177 154 158 252 320
OtsAC17NSNT_2703 200 258 137 161 172 266 205 237 218 222 220 222 193 205 229 229 138 152 165 217 154 154 316 316
OtsAC17NSNT_2705 246 270 119 201 206 222 205 237 170 234 218 220 197 275 225 257 160 164 189 193 138 162 344 356
OtsAC17NSNT_2707 262 270 137 181 222 254 201 203 170 202 220 222 205 229 177 233 138 184 177 193 154 154 188 236
OtsAC17NSNT_2708 262 266 137 165 244 246 201 221 170 222 222 228 197 229 229 257 146 168 161 189 138 156 188 344
OtsAC17NSNT_2709 200 282 215 251 266 282 199 233 202 202 222 236 205 209 213 237 142 168 193 217 138 166 340 340
OtsAC17NSNT_2711 238 250 177 215 244 244 201 201 202 222 220 222 221 279 173 249 160 164 177 189 138 158 316 340
OtsAC17NSNT_2713 266 278 161 207 262 270 227 233 194 230 220 220 193 197 233 233 142 152 165 177 134 134 276 316
OtsAC17NSNT_2715 242 282 201 215 234 270 199 199 182 230 220 228 197 205 265 281 160 164 193 213 138 154 184 252
OtsAC17NSNT_2716 254 258 177 181 266 270 199 201 178 234 222 236 221 233 173 237 138 156 165 193 138 154 296 320
OtsAC17NSNT_2717 266 270 161 165 230 238 233 233 190 222 220 228 189 213 209 261 152 164 165 177 154 160 312 380
OtsAC17NSNT_2720 258 274 161 181 244 270 227 237 222 234 220 220 209 221 221 237 152 168 165 193 138 154 340 344
OtsAC17NSNT_2721 200 258 119 191 240 254 199 237 226 230 228 236 193 237 201 225 152 152 165 177 154 166 300 324
OtsAC17NSNT_2723 242 262 137 153 240 266 201 237 210 222 206 220 205 233 229 265 138 180 177 193 138 154 316 320
OtsAC17NSNT_2725 242 270 137 137 236 266 205 207 198 234 220 222 275 275 237 249 164 168 177 193 134 154 188 316
OtsAC17NSNT_2728 266 286 187 227 214 266 199 207 186 230 220 222 209 209 181 237 134 168 193 197 154 154 316 336
OtsAC17NSNT_2730 242 274 177 193 214 234 199 233 186 234 220 220 193 221 205 273 138 164 177 189 138 166 336 336
OtsAC17NSNT_2732 242 262 137 161 222 266 201 237 186 202 220 228 201 225 177 217 142 168 189 193 154 162 316 336
OtsAC17NSNT_2733 200 242 181 193 172 230 199 201 218 234 212 236 193 221 181 261 164 164 177 193 156 160 316 414
OtsAC17NSNT_2736 242 258 177 219 240 266 207 233 230 230 206 222 205 237 205 205 138 142 189 193 138 154 284 348
OtsAC17NSNT_2742 242 266 149 215 214 270 201 227 210 210 220 222 197 233 233 253 152 164 165 177 138 138 188 316
OtsAC17NSNT_2744 234 242 177 235 206 250 199 201 222 234 220 236 193 291 213 249 156 180 177 193 134 138 280 422
OtsAC17NSNT_2745 238 258 161 247 246 270 201 205 198 234 206 220 205 237 237 241 134 164 165 197 154 156 280 316
OtsAC17NSNT_2746 200 242 167 191 206 266 201 229 194 222 206 212 221 283 177 245 164 208 161 189 138 138 184 320
OtsAC17NSNT_2748 242 262 177 231 248 286 203 207 202 222 228 236 193 275 209 237 134 168 177 189 138 154 344 392
OtsAC17NSNT_2751 262 270 115 115 234 242 199 233 190 226 220 220 237 287 177 177 168 184 165 217 138 154 336 348
OtsAC17NSNT_2758 234 242 237 239 206 250 201 201 182 218 218 236 233 291 229 241 142 152 177 193 158 164 312 348
OtsAC17NSNT_2760 254 270 115 161 250 274 227 233 198 218 222 236 197 233 185 229 142 164 177 217 138 138 240 308
OtsAC17NSNT_2762 250 258 115 133 222 270 199 201 182 194 220 236 221 283 237 249 146 168 177 193 134 138 312 340
OtsAC17NSNT_2764 238 242 161 247 246 282 193 199 198 234 218 220 237 275 261 269 168 184 165 177 154 156 316 352
OtsAC17NSNT_2766 246 258 181 181 270 270 193 233 202 206 220 222 205 213 233 277 138 138 193 193 138 138 236 308
OtsAC17NSNT_2767 254 254 177 269 250 288 201 221 186 230 220 222 229 237 261 297 146 152 197 217 160 160 268 308
OtsAC17NSNT_2769 200 266 191 207 250 266 193 219 222 226 206 228 275 291 229 269 134 152 189 197 134 138 324 324
OtsAC17NSNT_2770 218 250 137 165 234 270 199 221 194 226 220 236 213 225 261 281 160 168 165 217 134 156 236 316
OtsAC17NSNT_2773 234 270 137 191 206 250 199 233 190 198 212 220 221 229 177 229 138 180 193 197 138 158 244 328
OtsAC17NSNT_2774 242 278 137 177 234 240 199 237 194 218 220 228 205 233 213 217 134 142 177 177 154 154 328 356
OtsAC17NSNT_2775 238 242 181 189 242 250 201 233 230 234 206 228 273 279 237 265 152 152 177 193 138 154 292 406
OtsAC17NSNT_2776 286 290 161 177 240 288 193 201 194 218 212 228 205 205 181 209 134 134 193 193 138 154 320 336
OtsAC17NSNT_2777 258 290 115 193 234 282 201 227 198 218 206 236 213 221 233 245 134 146 177 177 138 156 280 414
OtsAC17NSNT_2783 242 258 161 227 246 252 199 227 218 222 210 220 205 213 229 237 142 184 193 197 138 154 316 332
OtsAC17NSNT_2785 242 270 133 137 238 270 205 227 198 234 220 222 209 237 249 273 176 184 177 189 134 160 316 328
OtsAC17NSNT_2788 218 270 115 247 250 256 201 207 202 234 206 220 213 275 249 261 164 164 189 197 134 138 308 336
OtsAC17NSNT_2789 242 270 119 231 250 254 237 237 190 226 220 228 221 273 229 241 164 168 189 197 134 138 308 324
OtsAC17NSNT_2790 254 282 115 135 282 282 193 201 186 230 220 222 225 275 181 297 138 142 165 197 134 134 324 324
OtsAC17NSNT_2792 242 258 165 195 182 242 199 199 202 226 228 236 205 291 181 217 146 164 161 177 138 138 252 296
OtsAC17NSNT_2793 238 278 181 207 244 270 193 201 190 222 220 222 221 221 229 241 142 152 177 177 138 138 252 316
OtsAC17NSNT_2795 258 278 115 161 250 286 199 201 230 230 228 236 193 221 213 237 142 142 177 217 138 138 308 312
OtsAC17NSNT_2796 250 266 181 253 222 262 199 237 222 230 220 220 213 287 217 237 164 164 177 193 138 154 344 380
OtsAC17NSNT_2799 270 274 119 191 210 258 199 205 170 218 220 222 197 291 205 241 142 168 177 193 154 154 312 356
OtsAC17NSNT_2800 286 294 177 203 214 230 193 199 190 218 212 220 213 233 209 213 142 164 193 193 138 154 296 336
OtsAC17NSNT_2804 210 242 165 191 222 266 205 219 202 226 222 236 205 233 213 257 152 164 189 197 138 162 324 328
OtsAC17NSNT_2805 254 266 189 201 244 250 193 221 202 230 220 222 237 237 237 241 146 184 177 189 138 158 184 336
OtsAC17NSNT_2807 242 270 115 191 254 256 201 221 230 238 220 236 233 233 177 229 168 172 165 177 154 156 284 324
OtsAC17NSNT_2808 234 262 163 197 244 266 201 227 194 222 220 220 205 205 177 277 152 164 177 193 134 162 244 332
OtsAC17NSNT_2809 200 262 115 191 250 254 219 219 190 230 206 228 213 233 229 269 142 184 177 193 138 154 264 394
OtsAC17NSNT_2810 200 274 115 189 258 282 193 227 222 230 228 228 197 229 237 257 138 216 165 165 134 154 340 344
OtsAC17NSNT_2811 266 270 115 191 258 286 203 233 210 214 222 228 225 233 205 233 138 146 177 177 138 154 336 380
OtsAC17NSNT_2812 238 270 155 161 234 266 199 221 222 222 220 222 205 233 237 257 146 164 189 197 154 154 288 352
OtsAC17NSNT_2813 278 290 191 197 206 218 201 237 206 222 220 222 233 233 225 237 146 168 189 193 134 154 184 336
OtsAC17NSNT_2815 200 290 161 227 222 250 207 227 186 194 220 222 233 233 237 257 164 172 165 197 154 154 188 308
OtsAC17NSNT_2817 242 266 115 195 262 288 201 207 198 230 206 228 205 221 209 269 138 142 165 177 138 154 344 348
OtsAC17NSNT_2818 242 270 177 191 222 270 221 227 194 218 222 222 201 233 225 229 142 152 177 177 138 160 272 344
OtsAC17NSNT_2819 262 270 219 235 172 266 193 201 222 230 220 228 205 237 221 233 164 168 177 177 138 154 188 316
OtsAC17NSNT_2821 242 278 233 235 250 250 207 219 230 230 212 222 205 229 213 237 142 152 177 189 160 166 284 376
OtsAC17NSNT_2822 242 270 189 219 172 218 199 207 178 230 216 220 193 229 269 273 142 180 177 189 138 154 316 372
OtsAC17NSNT_2823 242 282 187 191 242 244 199 205 218 222 218 222 205 225 209 285 134 152 193 197 138 158 188 296
OtsAC17NSNT_2828 262 270 137 153 254 266 221 237 190 226 220 236 205 229 229 289 146 164 177 193 138 160 188 356
OtsAC17NSNT_2829 200 242 181 189 252 262 199 233 230 230 220 220 205 229 221 229 142 146 161 165 138 154 188 280
OtsAC17NSNT_2830 242 262 135 177 262 266 199 233 178 182 220 220 193 233 245 257 152 184 165 189 134 154 344 348
OtsAC17NSNT_2833 238 242 177 205 250 270 227 233 178 186 220 222 237 245 205 261 164 164 177 189 154 154 244 308
OtsAC17NSNT_2834 270 282 137 191 222 242 193 197 222 234 206 220 193 237 225 233 172 172 165 177 154 154 236 320
OtsAC17NSNT_2835 238 270 119 153 172 240 221 237 202 230 220 222 237 279 233 265 138 152 177 193 138 154 240 316
OtsAC17NSNT_2836 278 282 177 177 282 286 203 211 194 226 212 220 205 229 177 217 142 152 189 189 134 158 344 406
OtsAC17NSNT_2837 218 270 173 181 262 266 199 199 230 234 220 222 213 229 217 237 146 168 177 189 156 160 308 352
OtsAC17NSNT_2838 238 286 115 181 256 270 201 237 226 234 206 220 213 233 209 257 138 152 193 193 138 162 324 340
OtsAC17NSNT_2839 218 270 115 245 172 222 199 199 190 230 236 236 233 291 205 257 138 146 177 193 154 156 289 348
OtsAC17NSNT_2840 242 242 115 181 250 266 201 221 206 214 220 236 205 233 181 229 138 164 165 193 138 160 184 324
OtsAC17NSNT_2842 200 270 219 235 222 286 207 219 202 230 220 236 229 229 177 221 142 152 177 189 154 160 284 340
OtsAC17NSNT_2846 218 270 137 181 222 248 199 237 222 226 206 228 233 233 217 237 160 160 177 193 138 154 252 336
OtsAC17NSNT_2848 270 274 177 197 214 214 203 237 170 202 220 220 221 229 229 257 142 152 165 189 134 138 296 392
OtsAC17NSNT_2849 258 278 191 249 270 288 193 237 170 214 206 220 205 221 177 233 134 164 177 193 138 154 280 328
OtsAC17NSNT_2851 218 242 115 269 236 250 201 227 210 230 222 236 233 237 241 257 142 164 165 177 160 160 184 312
OtsAC17NSNT_2852 278 290 177 181 222 242 199 233 218 226 228 236 197 291 241 261 152 168 189 197 138 154 304 344
OtsAC17NSNT_2854 218 286 177 237 250 250 193 199 218 230 206 222 221 233 205 233 152 168 177 193 154 154 316 336
OtsAC17NSNT_2855 242 242 191 191 248 270 199 237 218 230 220 222 209 221 209 209 138 142 177 193 138 154 272 336
OtsAC17NSNT_2856 238 250 137 193 250 288 193 199 218 226 206 220 193 205 237 241 152 172 177 177 138 154 188 388
OtsAC17NSNT_2857 250 290 115 161 206 250 219 237 198 214 224 236 221 233 209 233 134 152 177 197 154 154 336 388
OtsAC17NSNT_2860 270 278 241 253 222 262 197 237 218 230 220 220 213 287 217 225 152 164 189 193 138 138 312 344
OtsAC17NSNT_2861 266 290 191 227 250 266 199 221 222 222 206 206 237 287 205 285 142 146 197 217 138 138 240 248
OtsAC17NSNT_2862 218 278 137 181 250 266 199 237 194 230 214 228 221 225 257 261 142 152 165 189 138 156 236 308
OtsAC17NSNT_2864 234 242 115 137 246 262 199 221 178 226 222 228 205 291 225 277 146 172 189 213 154 160 312 356
OtsAC17NSNT_2868 238 270 191 193 172 250 203 205 202 230 220 222 205 213 181 217 142 142 177 189 134 154 312 344
OtsAC17NSNT_2869 238 258 153 185 230 246 201 237 170 230 220 228 229 233 205 209 152 164 193 193 138 138 312 376
OtsAC17NSNT_2870 200 266 191 233 244 254 193 207 222 234 206 214 193 263 253 265 152 152 193 221 138 154 272 320
OtsAC17NSNT_2872 246 286 161 235 254 286 199 237 182 222 222 222 205 213 177 241 134 142 165 177 134 154 316 414
OtsAC17NSNT_2874 200 270 115 115 266 282 199 237 194 230 236 236 205 283 237 237 142 168 193 193 134 166 340 340
OtsAC17NSNT_2877 238 262 115 115 172 234 205 207 202 226 206 236 205 225 249 257 184 184 165 189 138 154 188 308
OtsAC17NSNT_2878 238 258 135 165 242 246 221 237 198 234 206 220 225 233 177 213 164 184 189 193 138 154 336 340
OtsAC17NSNT_2879 218 262 115 139 242 254 233 233 190 218 220 220 193 237 177 229 152 168 193 193 138 154 308 344
OtsAC17NSNT_2880 234 242 177 253 246 250 221 233 190 222 212 220 205 209 181 229 138 142 165 189 138 138 236 324
OtsAC17NSNT_2881 218 270 139 153 254 254 197 201 202 226 220 222 221 237 177 217 168 168 165 165 138 138 244 344
OtsAC17NSNT_2882 270 286 161 229 244 262 201 233 202 214 228 236 229 283 237 245 138 164 193 213 154 162 332 356
OtsAC17NSNT_2887 250 278 181 231 250 250 199 233 194 234 220 220 225 237 225 277 134 134 177 193 138 160 316 348
OtsAC17NSNT_2888 234 242 115 235 270 274 219 227 222 238 206 210 193 205 205 233 172 184 177 193 138 154 316 332
OtsAC17NSNT_2890 258 294 201 253 222 270 199 201 222 230 220 222 221 233 205 257 134 164 193 201 138 154 188 348
OtsAC17NSNT_2891 242 258 189 197 242 262 199 237 230 230 206 224 229 233 237 261 152 164 177 189 154 154 244 324
OtsAC17NSNT_2892 242 258 161 235 234 270 193 201 182 222 228 236 205 229 205 205 160 168 165 177 138 160 288 316
OtsAC17NSNT_2893 242 250 161 229 222 254 201 237 186 226 220 228 205 209 209 217 142 168 165 193 154 160 336 344
OtsAC17NSNT_2896 250 258 173 191 206 250 205 237 186 186 228 228 205 221 177 229 142 164 193 193 154 154 340 348
OtsAC17NSNT_2898 266 266 185 227 172 218 227 233 190 218 220 236 205 283 241 257 138 168 161 165 154 156 316 332
OtsAC17NSNT_2899 258 290 177 235 250 286 219 237 170 230 220 236 229 291 237 237 142 142 177 193 154 154 284 304
OtsAC17NSNT_2900 242 278 161 235 214 250 199 201 194 222 206 222 201 225 205 217 142 152 177 189 154 154 328 336
OtsAC17NSNT_2901 254 266 185 247 234 252 227 233 190 222 220 236 233 283 241 257 138 164 177 197 134 154 308 316
OtsAC17NSNT_2905 234 270 135 235 242 256 199 233 190 230 206 220 213 291 253 261 138 156 177 189 134 138 312 352
OtsAC17NSNT_2906 262 262 161 197 244 246 201 227 194 206 220 220 205 263 249 265 164 184 193 197 154 158 308 356
OtsAC17NSNT_2907 238 242 193 207 234 250 227 237 222 234 218 222 205 237 217 257 142 146 177 177 154 154 316 352
OtsAC17NSNT_2912 258 282 189 191 266 286 201 237 222 230 220 224 205 233 217 229 160 164 177 189 154 154 316 348
OtsAC17NSNT_2913 242 270 115 153 248 266 199 233 202 202 220 222 233 241 209 217 146 172 165 193 138 154 244 324
OtsAC17NSNT_2914 278 278 119 181 254 262 199 237 194 226 220 222 205 273 181 225 134 160 193 193 138 166 244 336
OtsAC17NSNT_2916 242 254 187 235 240 254 201 237 186 226 222 222 213 283 181 217 134 142 189 193 154 162 328 336
OtsAC17NSNT_2918 250 250 137 197 218 274 201 237 230 234 216 220 237 237 181 229 134 164 161 177 134 154 256 316
OtsAC17NSNT_2920 238 266 161 235 262 282 201 201 194 210 220 220 205 205 225 249 164 164 165 177 154 160 312 406
OtsAC17NSNT_2923 242 290 177 189 266 274 199 237 194 214 218 218 233 283 205 217 138 142 165 197 138 138 288 320
OtsAC17NSNT_2929 238 242 137 187 248 250 199 233 218 222 206 218 205 233 209 285 142 142 193 197 134 138 188 236
OtsAC17NSNT_2931 234 242 135 137 242 250 199 233 190 230 210 220 189 291 237 265 156 184 177 177 154 154 236 312
OtsAC17NSNT_2932 258 270 165 177 234 262 201 227 202 222 212 228 197 275 261 277 134 164 193 213 138 154 316 328
OtsAC17NSNT_2933 246 282 137 227 250 266 193 203 182 230 228 236 221 237 233 241 134 160 177 177 138 154 394 410
OtsAC17NSNT_2938 242 246 115 167 206 248 199 201 230 230 212 222 189 205 233 245 164 164 177 189 138 154 320 328
OtsAC17NSNT_2940 238 270 137 191 258 288 199 201 218 230 206 220 229 291 205 241 134 142 165 177 154 154 356 406
OtsAC17NSNT_2941 278 286 197 227 246 248 197 227 218 226 220 220 275 291 209 277 160 168 177 193 138 154 312 320
OtsAC17NSNT_2942 246 262 177 189 206 240 201 237 198 230 220 220 189 229 217 221 142 208 177 177 138 154 188 328
OtsAC17NSNT_2943 242 254 119 219 238 262 203 227 170 194 220 220 213 237 181 257 134 200 177 177 138 160 272 348
OtsAC17NSNT_2944 258 282 115 189 244 248 193 205 190 230 214 222 205 213 225 297 138 168 165 193 138 154 312 340
OtsAC17NSNT_2945 238 242 115 177 242 250 199 233 170 190 220 222 197 201 177 249 142 164 177 197 154 160 340 340
OtsAC17NSNT_2949 250 270 187 231 250 256 199 237 190 230 228 228 205 279 249 273 134 164 165 177 134 154 280 308
OtsAC17NSNT_2950 218 262 137 181 214 250 201 203 190 218 220 228 193 229 225 241 138 168 177 193 138 154 316 356
OtsAC17NSNT_2951 200 218 205 235 270 282 201 201 214 230 216 222 213 221 177 273 138 146 189 189 154 154 336 392
OtsAC17NSNT_2953 242 250 137 193 260 278 193 199 222 230 206 220 193 205 245 273 152 164 177 177 154 156 252 316
OtsAC17NSNT_2955 258 290 193 235 234 286 219 237 202 222 218 222 205 237 217 237 142 142 177 189 154 154 316 352
OtsAC17NSNT_2956 238 270 119 219 242 262 203 237 170 222 220 228 205 213 229 237 138 168 165 177 154 154 316 406
OtsAC17NSNT_2957 250 294 115 161 230 250 201 201 186 202 220 236 221 229 181 261 138 168 189 217 134 160 188 392
OtsAC17NSNT_2958 270 274 191 229 252 282 199 233 218 218 228 236 205 205 209 237 134 142 177 193 138 154 240 356
OtsAC17NSNT_2960 200 262 115 201 206 270 199 219 194 230 206 228 221 233 229 269 134 142 161 197 138 154 184 284
OtsAC17NSNT_2961 254 266 137 253 266 270 199 201 198 218 228 236 201 233 205 241 134 138 177 197 134 160 316 332
OtsAC17NSNT_2964 266 274 115 137 226 254 199 233 170 198 210 228 201 205 229 229 138 164 177 193 154 160 308 352
OtsAC17NSNT_2966 246 254 137 177 248 248 199 199 218 226 222 222 193 213 233 241 134 138 177 193 138 154 344 352
OtsAC17NSNT_2968 242 270 177 235 234 248 199 199 218 226 220 222 205 233 213 217 138 164 177 193 138 154 280 352
OtsAC17NSNT_2969 242 242 137 161 266 282 201 227 198 230 220 222 213 233 217 229 142 164 177 193 138 160 336 340
OtsAC17NSNT_2970 234 242 181 233 222 270 221 227 194 218 222 222 201 233 213 237 142 142 165 177 154 160 252 324
OtsAC17NSNT_2971 238 282 191 205 236 242 199 233 190 222 228 236 193 237 181 205 142 152 189 189 138 138 296 308
OtsAC17NSNT_2975 278 278 115 247 222 248 199 201 222 230 220 220 233 237 241 261 142 146 189 189 154 154 324 406
OtsAC17NSNT_2976 238 278 157 181 234 244 201 233 202 226 224 236 221 229 221 261 142 142 165 177 134 138 316 344
OtsAC17NSNT_2980 262 278 191 227 266 270 193 199 226 234 222 236 275 275 177 241 146 176 177 193 138 138 336 348
OtsAC17NSNT_2981 218 286 235 253 246 282 199 227 230 230 222 236 201 263 225 261 142 152 177 189 154 154 316 352
OtsAC17NSNT_2982 238 258 191 247 246 282 193 201 234 234 206 206 205 237 237 261 134 164 165 177 154 154 316 352
OtsAC17NSNT_2985 258 278 115 247 248 262 199 199 182 230 220 220 197 233 209 225 138 146 177 189 154 154 344 406
OtsAC17NSNT_2987 226 258 115 193 238 250 201 237 186 234 222 228 213 221 221 229 134 152 177 193 154 154 332 340
OtsAC17NSNT_2988 262 286 115 181 254 256 221 237 230 234 220 236 233 233 229 257 152 168 165 193 154 156 280 284
OtsAC17NSNT_2990 270 274 161 177 206 286 193 233 190 226 228 236 233 237 237 257 138 160 177 193 154 162 316 340
OtsAC17NSNT_2993 238 258 161 161 222 282 199 205 234 234 206 220 205 237 261 269 168 184 165 177 154 154 280 316
OtsAC17NSNT_2995 242 270 115 193 206 262 203 221 230 234 206 222 221 279 225 241 134 142 189 197 138 160 296 300
OtsAC17NSNT_2996 242 266 189 235 238 266 205 227 226 230 228 228 205 205 213 229 138 152 165 193 154 160 320 320
OtsAC17NSNT_2997 266 274 213 247 226 254 201 221 202 226 220 222 205 213 217 225 138 164 177 193 154 154 288 324
OtsAC17NSNT_2999 254 278 115 165 242 250 205 233 198 238 206 212 205 237 213 249 142 164 177 193 138 138 272 316
OtsAC17NSNT_3000 242 282 161 197 230 262 199 237 194 230 212 220 193 213 177 225 168 176 177 193 154 154 188 264
OtsAC17NSNT_3001 254 258 119 161 252 254 201 203 190 222 220 228 193 237 177 181 134 152 177 177 138 138 340 406
OtsAC17NSNT_3002 200 266 181 247 172 218 227 233 190 218 220 236 205 283 257 257 142 168 177 197 134 154 308 332
OtsAC17NSNT_3004 262 262 181 183 250 254 199 221 186 198 206 218 197 221 233 237 164 176 177 217 134 138 308 352
OtsAC17NSNT_3005 250 258 161 247 246 270 199 205 234 234 206 206 237 275 241 269 164 168 165 177 134 156 280 316
OtsAC17NSNT_3007 262 278 115 169 206 288 201 233 198 238 206 210 237 283 209 229 152 152 177 193 138 154 188 240
OtsAC17NSNT_3008 242 270 191 215 250 282 201 233 178 186 220 236 213 237 237 253 164 168 189 189 138 138 292 308
OtsAC17NSNT_3010 238 250 115 191 250 254 193 233 178 222 228 236 221 237 213 261 152 164 193 197 138 138 272 308
OtsAC17NSNT_3012 242 254 177 181 242 266 221 237 186 198 212 236 205 291 181 269 160 184 177 189 138 154 296 336
OtsAC17NSNT_3014 200 250 181 187 250 282 199 203 210 218 206 228 205 237 177 237 160 184 165 177 134 154 308 340
OtsAC17NSNT_3015 250 278 137 235 270 288 199 233 222 222 220 228 193 229 205 269 160 172 165 177 134 154 312 348
OtsAC17NSNT_3016 242 282 137 219 234 256 201 221 226 234 212 222 205 221 209 225 146 168 177 189 138 154 184 336
OtsAC17NSNT_3017 258 266 161 165 240 256 201 237 222 234 206 222 197 237 233 241 146 168 177 177 154 158 336 376
OtsAC17NSNT_3018 226 250 189 219 244 244 193 233 190 234 214 236 237 291 225 253 152 160 193 193 154 154 300 312
OtsAC17NSNT_3020 258 278 115 189 214 218 205 233 190 230 220 228 193 205 213 213 138 152 177 213 138 154 280 332
OtsAC17NSNT_3021 262 266 153 161 222 244 199 221 202 206 220 222 221 275 209 265 138 164 189 197 138 154 332 356
OtsAC17NSNT_3022 200 270 137 235 240 266 193 237 222 230 206 236 229 229 205 233 168 168 177 177 138 154 316 352
OtsAC17NSNT_3023 242 270 227 229 218 278 201 233 214 214 220 220 205 213 197 209 160 160 177 193 138 154 320 336
OtsAC17NSNT_3024 218 282 115 161 254 254 233 237 218 226 220 222 205 275 177 217 142 168 165 189 138 160 336 348
OtsAC17NSNT_3026 242 294 137 181 206 270 207 233 182 186 206 220 221 287 241 257 164 168 177 193 134 154 316 352
OtsAC17NSNT_3027 262 270 161 165 234 254 201 233 170 222 220 228 205 221 205 237 152 172 165 177 156 160 348 348
OtsAC17NSNT_3028 234 270 119 137 254 278 201 237 198 230 216 220 205 237 217 261 142 156 177 189 134 154 312 340
OtsAC17NSNT_3032 254 270 115 235 256 282 199 199 194 230 216 220 205 283 205 225 146 152 189 217 154 158 256 316
OtsAC17NSNT_3034 242 278 181 205 230 236 193 201 182 222 222 228 213 221 225 241 146 152 189 213 154 154 392 394
OtsAC17NSNT_3041 242 270 115 193 256 278 199 227 198 202 220 236 205 229 209 209 142 168 165 177 138 154 320 336
OtsAC17NSNT_3042 242 242 115 191 250 270 199 205 222 226 220 220 201 275 233 257 152 152 165 177 154 154 316 332
OtsAC17NSNT_3043 278 282 115 193 242 256 199 201 178 214 236 236 193 213 181 229 138 164 189 189 154 154 296 336
OtsAC17NSNT_3044 242 242 115 181 222 262 205 233 230 234 206 228 209 229 225 229 134 146 177 193 134 156 276 284
OtsAC17NSNT_3045 238 266 191 193 226 246 193 199 230 234 222 236 193 287 241 245 168 172 177 189 134 154 320 324
OtsAC17NSNT_3046 218 278 115 215 206 210 207 227 202 202 220 220 221 237 229 233 142 142 177 189 134 138 240 336
OtsAC17NSNT_3047 266 270 115 155 222 248 193 199 218 222 206 220 189 279 233 269 146 152 189 221 138 162 276 284
OtsAC17NSNT_3048 262 266 0 0 222 258 199 201 214 234 206 220 205 233 233 261 134 138 189 197 138 166 388 406
OtsAC17NSNT_3049 242 270 119 191 206 274 199 205 222 230 218 236 221 233 245 253 164 164 165 193 138 162 244 356
OtsAC17NSNT_3050 242 270 115 137 206 262 207 227 170 218 212 236 221 229 181 209 142 146 177 193 138 154 336 344
OtsAC17NSNT_3051 258 270 189 193 172 282 201 203 170 186 206 236 229 233 225 265 146 168 177 189 154 154 308 320
OtsAC17NSNT_3052 258 266 193 203 248 258 199 227 218 222 220 220 193 221 229 265 142 184 177 217 134 138 264 304
OtsAC17NSNT_3054 258 286 185 235 266 270 203 227 186 194 220 222 275 275 217 237 146 152 189 193 154 154 188 348
OtsAC17NSNT_3055 218 266 115 235 240 270 219 221 182 190 206 220 193 205 205 233 142 172 177 177 134 138 316 344
OtsAC17NSNT_3057 262 270 227 253 244 246 221 221 202 222 220 236 205 233 225 237 146 164 189 193 154 158 316 352
OtsAC17NSNT_3058 242 242 205 269 254 278 193 201 202 202 220 236 201 221 249 261 142 142 177 193 138 160 272 312
OtsAC17NSNT_3059 242 278 181 193 254 270 201 237 182 238 218 220 229 249 177 205 142 168 193 193 154 156 284 340
OtsAC17NSNT_3060 258 270 177 253 250 282 199 233 194 226 220 220 205 283 225 269 146 164 177 189 138 154 256 344
OtsAC17NSNT_3061 270 278 197 235 246 248 207 227 226 230 220 220 275 291 257 277 142 164 177 193 138 154 312 320
OtsAC17NSNT_3062 258 262 115 161 234 274 201 203 170 234 220 222 233 275 209 237 164 242 177 177 154 154 344 356
OtsAC17NSNT_3063 242 274 137 181 250 254 199 199 190 230 206 206 225 291 205 237 142 184 177 177 134 138 312 376
OtsAC17NSNT_3064 238 278 181 207 244 288 199 201 202 218 220 220 205 279 229 241 142 152 177 177 138 154 252 316
OtsAC17NSNT_3065 242 242 161 235 242 266 193 201 190 190 206 206 189 205 229 253 134 138 177 177 138 154 312 336
OtsAC17NSNT_3068 200 242 161 181 242 282 201 201 230 234 206 236 205 213 181 257 142 146 165 193 138 154 272 320
OtsAC17NSNT_3069 222 258 115 177 248 248 199 201 170 222 220 220 193 193 209 213 146 164 177 189 154 154 184 312
OtsAC17NSNT_3070 218 242 153 253 234 240 205 227 214 230 220 236 205 263 257 289 134 146 189 193 154 154 332 352
OtsAC17NSNT_3071 258 258 115 203 250 266 199 221 190 218 222 228 193 237 185 245 138 146 189 189 134 160 296 352
OtsAC17NSNT_3072 274 278 173 181 178 238 207 207 230 230 220 220 193 205 225 265 146 184 177 221 138 138 316 344
OtsAC17NSNT_3073 262 266 195 197 222 246 201 233 170 234 212 222 205 221 217 221 160 164 177 193 134 156 188 344
OtsAC17NSNT_3076 250 262 137 197 248 254 201 219 222 230 220 220 205 237 229 237 142 156 165 197 154 154 264 336
OtsAC17NSNT_3077 238 242 163 189 206 206 233 237 230 230 214 236 205 233 205 237 142 168 177 193 134 154 188 272
OtsAC17NSNT_3078 254 258 115 161 248 248 199 201 182 182 220 222 193 193 277 297 134 164 177 189 138 154 308 344
OtsAC17NSNT_3079 200 258 115 191 248 248 199 199 182 182 220 220 193 193 209 277 134 160 177 189 154 154 308 324
OtsAC17NSNT_3083 234 254 227 235 246 278 203 203 222 230 228 236 205 229 209 277 134 134 177 193 138 138 332 348
OtsAC17NSNT_3085 214 214 161 171 260 262 183 201 186 240 214 236 275 283 229 257 146 168 165 189 138 166 284 382
OtsAC17NSNT_3086 250 278 115 115 242 250 199 199 194 198 206 220 221 295 229 233 168 208 189 193 154 160 324 332
OtsAC17NSNT_3090 242 242 115 115 250 270 199 201 194 198 220 220 209 217 233 233 152 152 177 193 134 154 312 332
OtsAC17NSNT_3092 254 270 181 203 248 266 199 233 202 230 220 236 237 299 229 261 164 184 165 217 138 154 264 328
OtsAC17NSNT_3093 266 278 189 235 206 258 199 207 222 230 220 220 221 237 237 257 134 184 165 165 138 138 244 340
OtsAC17NSNT_3094 234 278 115 191 242 248 199 233 230 234 212 220 225 237 225 257 142 146 177 189 138 154 312 324
OtsAC17NSNT_3095 238 242 137 161 244 266 199 205 222 222 212 220 221 237 233 261 142 152 177 177 134 154 312 406
OtsAC17NSNT_3096 234 270 177 181 250 250 199 233 230 230 220 222 221 275 181 205 142 184 177 193 138 138 284 376
OtsAC17NSNT_3097 270 278 161 201 222 244 199 221 230 234 222 236 233 275 229 257 134 184 165 189 138 138 256 284
OtsAC17NSNT_3098 234 262 161 191 266 288 233 237 170 238 220 222 233 283 205 209 146 152 177 193 134 154 188 288
OtsAC17NSNT_3099 254 278 161 247 242 262 199 199 182 234 220 222 205 279 209 261 138 164 177 189 154 166 308 406
OtsAC17NSNT_3100 270 278 137 189 244 262 201 201 194 222 220 236 205 291 237 241 134 156 177 197 134 138 316 352
OtsAC17NSNT_3102 246 282 137 187 218 246 199 237 190 218 220 222 229 267 237 277 160 168 177 193 138 138 308 332
OtsAC17NSNT_3103 234 258 135 177 230 266 199 201 206 226 228 228 193 221 225 229 134 172 177 177 138 154 316 332
OtsAC17NSNT_3104 250 270 149 157 258 274 205 219 222 230 214 220 237 279 177 229 156 168 177 189 154 154 288 328
OtsAC17NSNT_3105 274 278 137 197 234 244 199 205 190 234 220 220 197 221 213 277 138 142 177 193 134 134 312 410
OtsAC17NSNT_3106 238 242 135 235 240 242 205 205 226 234 220 220 193 233 181 181 164 184 177 193 154 154 188 356
OtsAC17NSNT_3107 266 278 195 227 234 266 199 203 218 230 220 222 221 279 213 253 138 138 189 193 134 138 184 344
OtsAC17NSNT_3109 242 262 115 119 230 234 199 201 186 214 220 222 205 287 233 241 142 168 189 197 154 160 184 344
OtsAC17NSNT_3110 242 246 115 161 246 262 199 237 230 230 212 220 205 213 177 225 160 164 177 193 154 154 188 252
OtsAC17NSNT_3111 258 262 177 247 222 248 199 201 182 230 220 220 205 237 209 225 138 146 177 189 138 154 320 344
OtsAC17NSNT_3113 258 270 165 203 254 266 233 237 202 230 212 220 197 229 181 217 138 160 177 193 154 154 332 336
OtsAC17NSNT_3114 200 274 115 197 226 270 201 233 226 230 220 220 213 229 217 261 164 184 177 189 154 154 292 348
OtsAC17NSNT_3117 242 258 115 193 258 266 201 233 218 230 222 228 209 229 181 241 164 172 177 197 134 138 316 336
OtsAC17NSNT_3118 238 274 181 195 242 262 199 201 186 230 206 220 197 237 213 249 134 168 177 197 138 138 316 328
OtsAC17NSNT_3119 254 258 161 189 250 252 199 201 190 194 220 222 201 213 169 181 142 152 177 193 138 138 276 280
OtsAC17NSNT_3121 274 278 177 241 236 282 199 201 178 222 206 220 229 229 241 257 142 142 189 193 134 138 304 320
OtsAC17NSNT_3122 226 238 115 235 250 282 199 237 230 234 220 222 201 283 225 229 168 196 189 193 154 154 256 256
OtsAC17NSNT_3123 246 250 115 137 214 250 233 237 170 194 228 228 193 229 237 261 142 184 177 193 138 154 184 340
OtsAC17NSNT_3125 234 242 197 269 244 250 233 233 190 234 220 236 233 237 297 297 134 152 177 217 138 158 268 332
OtsAC17NSNT_3129 242 282 191 227 206 266 201 207 206 230 220 220 193 237 209 261 168 184 189 189 134 154 184 410
OtsAC17NSNT_3132 242 262 199 233 266 270 203 227 218 230 206 220 193 197 241 241 134 142 177 193 138 138 316 356
OtsAC17NSNT_3133 242 270 161 201 222 244 197 199 190 190 222 236 205 233 181 257 152 164 189 197 138 138 296 308
OtsAC17NSNT_3134 238 258 137 165 226 250 203 207 198 218 206 222 225 233 177 245 142 142 177 177 138 160 188 336
OtsAC17NSNT_3136 200 246 135 191 248 270 193 203 170 218 220 220 205 209 237 241 152 168 189 189 138 138 336 344
OtsAC17NSNT_3137 218 270 115 235 254 262 199 227 202 222 210 220 193 291 253 277 138 146 177 193 134 154 312 356
OtsAC17NSNT_3139 246 246 155 193 250 266 199 203 190 230 222 222 197 233 237 245 164 164 193 193 154 154 244 288
OtsAC17NSNT_3141 218 242 181 269 250 278 201 237 186 202 220 222 205 221 209 257 138 168 177 217 134 154 312 356
OtsAC17NSNT_3143 258 270 165 203 244 250 201 203 182 234 214 220 205 209 209 237 142 168 161 165 138 158 188 264
OtsAC17NSNT_3147 238 286 155 235 206 206 203 207 194 260 224 236 221 233 229 277 142 160 177 177 138 154 320 336
OtsAC17NSNT_3149 278 294 115 239 250 250 199 199 198 230 220 236 205 205 233 281 146 168 177 193 138 154 324 328
OtsAC17NSNT_3150 242 266 115 227 240 262 201 227 222 222 206 206 205 233 237 277 156 164 193 197 134 138 236 356
OtsAC17NSNT_3151 278 278 177 189 248 262 199 199 182 230 220 220 233 237 241 261 138 146 177 189 154 166 320 344
OtsAC17NSNT_3152 258 282 115 161 214 244 201 201 194 222 212 228 205 205 249 253 142 160 177 177 134 138 304 414
OtsAC17NSNT_3155 250 274 159 173 246 262 193 201 182 288 220 220 181 205 177 245 138 184 181 185 138 164 280 304
OtsAC17NSNT_3156 200 200 153 241 244 256 199 201 194 234 206 220 213 237 217 217 138 152 165 213 138 154 316 316
OtsAC17NSNT_3157 258 286 191 235 248 270 201 221 218 226 220 222 193 213 249 277 146 160 165 185 138 154 292 328
OtsAC17NSNT_3158 266 274 173 239 246 248 193 199 186 226 220 222 181 205 177 233 138 138 177 193 138 152 328 382
OtsAC17NSNT_3161 258 270 115 219 182 288 227 237 194 222 206 222 229 229 213 237 138 168 177 177 134 154 312 340
OtsAC17NSNT_3162 238 286 115 157 266 270 201 205 226 230 206 222 193 275 233 241 164 168 189 193 134 134 308 332
OtsAC17NSNT_3163 238 242 177 191 250 266 205 227 222 222 220 222 237 299 181 181 138 164 177 177 154 154 308 316
OtsAC17NSNT_3164 234 262 163 191 244 262 201 233 226 230 220 222 205 275 177 277 142 152 177 177 154 162 332 344
OtsAC17NSNT_3167 200 234 193 229 274 278 189 201 194 230 222 228 213 229 205 209 142 160 165 177 138 138 336 336
OtsAC17NSNT_3169 238 262 181 207 250 266 199 201 166 202 220 222 213 229 209 277 152 164 161 213 138 138 348 348
OtsAC17NSNT_3171 200 290 115 191 214 214 221 227 226 234 214 214 205 233 229 261 142 156 177 217 138 138 352 352
OtsAC17NSNT_3173 242 278 115 199 250 254 199 237 198 226 206 220 193 229 229 233 138 164 165 193 134 154 272 376
OtsAC17NSNT_3175 238 262 189 207 238 240 201 221 166 206 222 222 205 229 233 277 142 164 161 193 138 138 348 406
OtsAC17NSNT_3176 242 266 191 227 250 266 199 221 182 222 206 222 229 287 205 285 142 146 193 217 138 138 240 316
OtsAC17NSNT_3178 246 294 169 177 172 250 199 233 170 190 206 220 221 233 217 273 152 172 177 189 154 154 236 352
OtsAC17NSNT_3180 250 278 161 239 250 262 193 199 186 226 220 222 181 193 177 245 138 146 177 181 138 152 280 304
OtsAC17NSNT_3182 254 278 115 235 238 250 199 207 170 222 220 222 221 233 209 257 138 160 165 189 134 156 316 340
OtsAC17NSNT_3183 238 242 135 161 234 242 207 221 202 222 222 236 201 233 229 237 142 146 177 197 138 154 184 344
OtsAC17NSNT_3184 234 266 157 191 254 260 183 199 214 230 220 224 205 221 177 237 160 168 165 177 138 152 272 336
OtsAC17NSNT_3187 242 258 185 193 198 258 221 227 186 214 220 222 185 229 209 249 134 142 177 193 134 152 320 352
OtsAC17NSNT_3188 242 254 137 241 218 254 199 201 178 190 220 228 193 225 225 229 152 180 177 189 138 138 304 344
OtsCC17NSNT_0509 262 274 137 181 250 270 199 199 186 194 206 214 225 299 209 261 142 142 165 177 156 160 236 308
OtsCC17NSNT_0511 234 242 137 219 242 248 199 233 222 234 220 220 213 275 229 249 164 168 189 189 138 154 312 352
OtsCC17NSNT_0513 242 254 115 191 262 266 201 201 218 222 214 220 205 237 245 257 164 164 165 197 154 154 336 336
OtsCC17NSNT_0514 242 266 181 227 240 278 201 233 198 198 220 222 225 229 221 297 164 168 165 177 134 138 188 324
OtsCC17NSNT_0533 246 246 137 235 230 266 233 237 170 234 218 228 193 205 217 221 164 168 197 197 154 156 320 348
OtsCC17NSNT_0542 246 290 119 193 218 238 199 201 202 214 206 228 221 273 221 265 134 142 177 197 154 162 280 312
OtsCC17NSNT_0543 254 258 203 233 222 230 199 201 218 230 220 228 193 221 213 265 164 184 177 217 134 138 264 320
OtsCC17NSNT_0551 262 266 119 177 250 262 201 233 190 226 220 222 205 273 181 209 142 152 193 193 138 154 324 348
OtsCC17NSNT_0500 270 278 115 191 246 248 201 219 198 234 212 220 205 225 217 277 142 146 177 193 138 138 312 324
OtsCC17NSNT_0530 0 0 0 0 230 250 0 0 190 230 0 0 0 0 185 229 164 168 177 193 138 138 280 332
OtsCC17NSNT_0535 242 294 161 161 244 250 199 233 190 222 212 236 221 233 201 205 164 184 177 217 138 154 316 352
OtsCC17NSNT_0536 0 0 191 191 230 250 199 237 182 202 236 236 205 249 217 261 134 168 177 177 138 160 236 320
OtsCC17NSNT_0537 242 258 161 235 246 250 199 201 190 198 222 224 193 287 225 233 152 168 165 165 138 154 336 344
OtsCC17NSNT_0544 200 262 0 0 206 288 0 0 222 234 206 222 221 225 225 241 134 142 0 0 138 154 332 340
