NS-OP_11_0001	242	266	197	223	250	250	203	227	230	230	222	228	233	273	237	261	142	160	165	177	134	138	252	336
NS-OP_11_0002	238	246	137	155	230	246	199	201	222	230	220	222	213	233	181	205	164	164	165	177	154	154	320	352
NS-OP_11_0003	242	258	135	137	206	266	201	237	222	234	216	220	205	275	181	229	164	164	193	197	134	138	280	316
NS-OP_11_0005	242	270	159	235	250	254	199	237	198	202	220	236	205	221	181	277	142	142	177	189	138	160	240	244
NS-OP_11_0006	238	242	191	193	230	270	227	237	190	202	206	218	197	273	269	281	134	168	177	197	138	154	344	352
NS-OP_11_0007	210	222	161	245	230	236	207	237	182	222	220	222	197	283	233	249	164	164	177	193	154	162	316	336
NS-OP_11_0009	218	270	115	197	214	236	201	233	198	222	220	222	221	275	229	233	138	160	193	197	134	138	304	360
NS-OP_11_0010	234	242	135	181	246	254	203	233	190	214	220	228	205	233	233	233	146	168	165	177	154	160	312	336
NS-OP_11_0011	234	270	137	231	214	250	227	233	202	234	220	228	201	233	181	273	164	168	177	193	134	154	244	288
NS-OP_11_0012	238	246	191	193	240	242	199	199	194	234	206	218	229	233	269	281	134	142	177	197	138	154	344	352
NS-OP_11_0013	242	242	115	235	246	258	199	201	170	174	228	236	197	229	233	237	134	180	165	189	154	160	300	336
NS-OP_11_0017	242	266	161	181	230	266	199	201	214	234	228	236	193	233	177	273	164	164	177	177	138	160	188	340
NS-OP_11_0019	246	254	163	253	206	266	199	227	190	234	228	228	193	205	225	229	152	160	177	193	134	138	276	280
NS-OP_11_0021	246	262	135	157	210	222	233	237	222	230	218	228	193	233	205	257	146	168	177	177	134	162	376	418
NS-OP_11_0022	238	246	189	195	206	256	201	203	198	234	220	228	205	291	229	241	138	156	177	193	134	154	312	336
NS-OP_11_0023	200	234	185	203	246	282	193	201	194	234	220	222	205	291	229	249	142	172	177	193	160	160	336	406
NS-OP_11_0028	254	270	115	137	244	286	199	237	226	230	212	218	205	291	177	229	168	176	165	193	154	154	332	336
NS-OP_11_0029	238	242	177	193	172	266	201	237	182	194	206	220	213	221	221	229	134	200	177	193	154	154	252	312
NS-OP_11_0030	242	270	137	177	246	278	199	237	170	230	216	228	209	221	245	261	138	142	177	189	138	154	300	340
NS-OP_11_0031	270	270	137	201	222	248	227	237	198	222	220	220	233	233	233	249	160	164	189	189	138	154	352	414
NS-OP_11_0032	200	278	191	199	250	258	227	233	178	190	220	228	193	229	233	281	138	156	193	197	134	154	280	352
NS-OP_11_0033	234	270	115	193	214	266	201	233	182	234	220	228	209	233	181	185	142	168	177	193	138	154	244	252
NS-OP_11_0037	238	258	201	203	226	266	199	199	170	190	220	236	193	213	209	237	142	176	165	197	138	154	188	240
NS-OP_11_0040	242	278	195	233	244	262	201	227	214	222	220	236	197	233	229	249	164	164	165	177	138	160	316	328
NS-OP_11_0044	238	286	135	137	236	282	201	237	198	218	220	220	205	237	233	261	142	176	177	177	138	154	312	336
NS-OP_11_0046	270	290	115	181	230	274	199	237	198	230	222	228	205	229	277	277	134	152	193	193	138	154	184	344
NS-OP_11_0049	238	290	137	245	230	254	199	237	230	234	212	222	225	283	181	205	138	164	193	197	138	162	304	336
NS-OP_11_0052	262	270	115	223	206	266	201	201	186	190	220	222	201	205	225	233	138	142	189	193	134	154	252	344
NS-OP_11_0053	258	270	185	191	240	256	199	199	170	198	210	236	221	221	233	257	152	168	177	177	138	138	316	352
NS-OP_11_0054	262	278	161	191	234	266	199	227	170	198	220	220	205	213	233	249	142	152	177	177	138	138	288	332
NS-OP_11_0055	242	274	177	187	230	282	199	203	178	226	206	220	205	237	277	281	152	200	193	213	154	154	284	360
NS-OP_11_0056	234	238	115	203	226	230	199	199	222	230	220	222	205	213	229	277	146	176	197	197	134	138	188	340
NS-OP_11_0059	262	266	205	219	214	244	199	237	194	230	220	228	233	287	225	237	138	184	177	177	134	160	320	324
NS-OP_11_0061	270	278	189	241	266	286	203	233	198	222	212	220	205	237	225	277	156	204	177	193	154	154	324	336
NS-OP_11_0062	258	266	181	231	250	262	199	233	194	230	206	222	193	209	181	181	164	164	177	177	154	154	188	332
NS-OP_11_0068	242	270	115	185	240	282	201	233	202	226	220	220	229	237	237	253	134	138	177	177	138	154	292	340
NS-OP_11_0069	262	278	161	191	266	288	199	227	170	198	220	222	205	221	249	249	142	152	177	193	134	138	288	372
NS-OP_11_0071	266	270	137	219	244	248	193	233	202	230	220	228	233	273	249	253	142	142	189	189	138	154	236	244
NS-OP_11_0072	242	270	137	181	262	278	199	237	222	230	220	228	237	283	245	261	142	142	165	177	138	154	308	340
NS-OP_11_0073	254	270	137	235	234	286	199	237	182	230	220	222	201	279	261	273	152	164	177	177	138	154	316	324
NS-OP_11_0079	262	270	161	187	262	266	199	237	190	234	210	236	233	237	229	229	152	180	177	189	138	138	188	312
NS-OP_11_0080	266	282	197	237	222	266	201	237	186	198	220	224	229	237	209	257	142	152	177	197	156	162	324	398
NS-OP_11_0083	242	290	181	185	242	270	199	207	190	230	222	222	225	229	241	257	146	168	177	193	138	160	340	352
NS-OP_11_0084	242	242	177	195	242	254	199	199	174	178	220	220	209	295	237	269	142	180	161	165	138	138	244	316
NS-OP_11_0085	258	278	193	197	248	266	201	219	222	230	220	222	205	229	177	229	142	164	177	177	138	138	256	300
NS-OP_11_0086	242	274	201	219	234	234	201	237	218	226	206	222	229	283	181	237	172	184	165	177	138	162	352	406
NS-OP_11_0089	254	274	223	245	250	288	199	237	178	222	214	222	229	237	173	233	156	160	177	213	138	154	320	332
NS-OP_11_0091	262	270	137	161	248	262	201	205	186	202	220	236	233	237	229	249	164	180	177	189	138	154	188	312
NS-OP_11_0092	242	286	161	253	234	248	233	233	190	218	228	236	205	205	177	193	146	156	177	177	138	154	184	336
NS-OP_11_0094	270	278	165	231	238	242	199	237	174	230	220	220	193	229	225	253	138	146	165	177	138	154	300	312
NS-OP_11_0095	238	246	133	169	206	242	193	227	198	234	216	220	225	291	225	229	134	156	177	193	154	160	328	336
NS-OP_11_0101	270	290	245	253	244	258	199	233	190	202	214	222	225	233	181	233	146	160	177	189	154	166	308	336
NS-OP_11_0102	234	246	115	139	266	278	201	233	182	234	206	220	209	233	181	185	142	146	177	193	138	154	244	252
NS-OP_11_0103	274	278	161	187	206	242	201	233	190	194	220	228	205	233	229	233	134	138	177	201	154	160	284	336
NS-OP_11_0104	254	270	241	247	262	282	199	199	170	230	220	220	233	237	177	261	134	156	177	193	154	154	312	336
NS-OP_11_0105	258	258	177	181	242	250	199	199	194	234	218	220	197	229	213	237	156	184	193	193	138	138	340	340
NS-OP_11_0109	246	262	191	203	210	266	199	237	182	218	222	222	213	233	229	273	164	164	177	197	154	154	184	340
NS-OP_11_0110	234	290	137	177	242	246	201	233	170	222	216	228	209	221	245	261	138	142	165	177	138	154	280	308
NS-OP_11_0111	218	262	205	245	240	250	199	201	170	230	228	228	221	287	181	233	138	168	177	177	154	160	320	324
NS-OP_11_0113	222	282	161	227	244	250	201	201	190	226	222	222	205	233	177	281	142	164	177	193	138	138	336	348
NS-OP_11_0116	258	258	231	257	258	266	227	227	186	202	220	228	213	287	237	249	142	146	177	177	138	156	268	398
NS-OP_11_0118	242	270	137	181	250	254	199	205	218	234	228	228	205	233	181	277	142	142	193	197	134	154	240	244
NS-OP_11_0120	242	290	181	235	240	244	199	199	222	222	206	228	229	229	233	285	138	138	177	193	134	160	300	312
NS-OP_11_0122	250	270	137	219	244	248	201	201	186	234	228	228	233	275	205	245	142	168	165	189	134	154	236	244
NS-OP_11_0123	258	270	193	235	252	252	201	237	218	218	206	220	205	233	181	269	142	160	177	193	134	138	184	264
NS-OP_11_0127	234	242	137	137	278	278	227	233	182	190	220	220	205	233	181	229	146	152	177	189	134	154	244	252
NS-OP_11_0130	254	282	161	223	222	222	193	233	222	230	214	222	237	237	233	249	160	160	165	177	154	166	316	328
NS-OP_11_0135	242	250	177	181	250	266	199	227	230	234	220	220	237	237	237	261	168	176	177	193	160	160	344	352
NS-OP_11_0136	238	286	227	253	246	266	199	201	186	234	220	220	213	233	209	229	138	160	189	193	138	156	312	352
NS-OP_11_0137	242	242	177	191	254	254	205	233	182	222	206	220	205	213	181	221	134	146	177	193	138	160	188	316
NS-OP_11_0141	242	258	165	191	226	266	199	199	170	198	210	222	221	237	225	257	152	168	177	177	138	154	316	352
NS-OP_11_0144	242	250	193	241	252	254	199	199	230	234	220	220	237	237	225	237	168	176	193	193	160	160	340	344
NS-OP_11_0145	258	266	181	191	250	274	201	233	222	230	206	220	193	229	209	237	142	164	177	197	138	154	244	280
NS-OP_11_0146	234	242	161	235	240	266	199	201	170	186	226	236	229	283	217	225	134	142	165	193	134	154	320	372
NS-OP_11_0147	258	262	157	165	254	266	203	237	230	234	220	220	201	213	181	237	142	164	161	177	138	138	392	392
NS-OP_11_0148	242	282	205	231	242	246	205	233	218	222	220	220	233	237	181	257	138	156	177	197	138	166	244	304
NS-OP_11_0151	200	242	177	227	250	254	199	199	230	230	222	236	225	233	269	273	152	152	161	193	154	156	336	352
NSant_11_SS_0121	270	270	137	257	246	254	201	237	202	222	214	214	205	205	173	221	142	152	165	177	138	138	336	340
NSant_11_SS_0139	242	242	177	195	206	206	199	199	202	238	222	236	193	237	221	225	142	168	189	193	138	138	340	348
NSant_11_SS_0172	246	310	161	197	244	262	201	221	222	230	206	212	201	233	237	281	142	168	165	177	154	154	312	352
NSant_11_SS_0268	274	278	115	161	0	0	205	205	190	234	206	220	205	229	237	273	156	164	165	193	134	138	332	380
NSant_11_SS_0287	246	262	177	191	218	266	199	233	214	222	0	0	0	0	233	241	142	152	165	177	138	138	308	324
NSant_11_SS_0607	246	258	219	227	0	0	199	201	194	230	220	220	233	233	181	213	152	156	177	197	154	154	276	284
NSant_11_SS_0618	210	242	137	165	222	226	201	229	198	206	220	222	221	237	233	237	146	184	177	177	154	154	336	336
NSant_11_SS_0655	200	242	115	155	254	286	199	201	0	0	0	0	0	0	0	0	146	164	189	193	134	154	0	0
NSant_11_SS_0663	242	266	137	183	244	248	199	233	198	222	220	220	193	201	233	245	134	142	177	177	138	154	316	320
NSant_11_SS_0665	262	274	135	201	254	266	199	207	190	198	218	220	205	287	209	261	152	172	177	177	138	154	308	320
NSant_11_SS_0670	218	270	115	139	282	282	193	199	170	222	228	228	205	209	177	213	0	0	0	0	0	0	0	0
NSant_11_SS_0671	270	286	161	197	0	0	207	219	170	218	220	222	201	229	233	241	138	142	177	197	154	154	308	352
NSant_11_SS_0673	262	266	115	191	258	262	193	201	186	218	220	222	229	233	229	265	142	168	189	197	134	156	252	304
NSant_11_SS_0679	250	270	137	177	266	282	201	237	198	206	228	236	205	287	205	241	142	176	177	177	134	138	296	316
NSant_11_SS_0692	238	258	153	241	230	270	199	205	162	230	220	228	209	275	229	229	152	164	165	177	134	156	324	380
NSant_11_SS_0706	234	242	137	229	0	0	201	201	194	234	220	220	193	221	177	209	138	164	165	189	154	160	304	308
NSant_11_SS_0732	242	266	115	115	240	248	199	201	186	230	214	222	213	237	229	241	164	164	165	189	134	156	340	340
NSant_11_SS_0778	234	258	137	165	0	0	201	227	230	238	222	222	197	273	233	237	142	160	177	197	138	154	188	316
NSant_11_SS_0783	200	226	135	203	0	0	193	211	186	198	214	220	205	205	197	257	142	164	193	193	134	138	264	332
NSant_11_SS_0837	274	274	133	185	0	0	199	227	198	218	206	222	233	273	233	249	138	160	177	197	154	164	320	336
NSant_11_SS_0838	242	254	137	191	210	240	233	237	186	194	222	236	225	229	237	261	142	152	193	193	154	154	188	252
NSant_11_SS_0839	246	286	139	193	0	0	199	221	198	206	222	222	201	201	237	253	134	142	165	165	134	138	324	340
NSant_11_SS_0125	262	266	119	227	234	242	199	201	218	230	206	236	197	229	237	257	164	164	193	193	134	154	320	352
NSant_11_SS_0129	242	254	115	161	206	230	203	221	190	222	220	228	221	275	209	213	134	142	177	185	138	154	312	352
NSant_11_SS_0130	262	274	137	157	248	270	201	219	186	234	206	222	205	233	229	237	138	152	177	189	154	160	348	352
NSant_11_SS_0131	238	262	119	185	234	244	193	219	218	230	222	228	237	291	177	217	160	164	193	193	160	162	184	336
NSant_11_SS_0136	258	270	115	137	262	270	229	233	182	186	220	228	233	273	181	249	134	164	189	193	138	138	236	332
NSant_11_SS_0151	258	286	115	191	226	226	233	237	174	198	220	222	205	233	205	241	138	164	189	213	154	158	188	372
NSant_11_SS_0154	242	246	137	161	230	240	201	233	190	218	206	220	209	233	181	229	152	164	177	177	154	154	316	320
NSant_11_SS_0155	258	266	115	139	222	270	201	221	186	218	206	222	201	205	217	273	172	212	177	185	134	154	296	340
NSant_11_SS_0156	258	282	115	157	240	262	199	199	162	230	222	228	197	225	237	241	138	152	177	189	134	138	324	352
NSant_11_SS_0157	258	282	177	245	242	266	199	237	226	234	220	222	225	233	181	249	152	156	193	197	154	154	276	340
NSant_11_SS_0161	234	270	161	203	246	266	221	227	194	222	206	236	233	233	181	241	164	164	197	197	154	156	280	320
NSant_11_SS_0171	200	270	137	177	222	258	201	205	222	230	206	220	205	229	217	237	142	146	193	197	138	138	344	372
NSant_11_SS_0173	200	278	165	241	250	256	199	237	226	230	216	222	197	221	185	241	152	184	177	177	154	154	320	324
NSant_11_SS_0175	234	246	153	203	250	266	199	237	194	230	222	236	201	233	217	261	142	164	197	197	138	154	276	296
NSant_11_SS_0177	250	282	173	219	172	234	205	233	170	214	206	222	233	299	181	209	164	172	197	197	138	154	332	332
NSant_11_SS_0179	234	282	115	149	202	202	199	237	190	222	224	236	213	229	193	249	134	164	193	193	138	154	188	406
NSant_11_SS_0186	258	294	161	177	246	250	233	233	170	190	220	238	201	229	217	245	142	142	165	177	138	154	312	344
NSant_11_SS_0188	258	270	191	193	238	238	201	201	170	198	206	236	225	225	237	269	142	168	177	189	138	158	336	340
NSant_11_SS_0190	218	242	119	165	262	282	201	237	226	272	220	236	213	229	177	229	172	184	177	193	138	154	244	332
NSant_11_SS_0198	242	270	137	219	246	246	201	233	222	230	0	0	205	283	181	253	0	0	165	197	154	154	288	312
NSant_11_SS_0199	218	282	153	177	222	250	201	233	182	190	206	226	193	275	217	257	142	164	177	177	138	162	188	316
NSant_11_SS_0200	254	266	161	185	250	278	199	201	194	226	220	236	229	299	209	229	134	164	165	177	138	154	312	392
NSant_11_SS_0266	238	282	115	161	242	246	201	201	202	222	206	228	201	205	177	233	142	212	193	213	138	154	296	340
NSant_11_SS_0269	270	282	115	227	242	266	205	237	186	202	212	220	205	233	229	281	164	184	177	193	138	138	308	336
NSant_11_SS_0277	0	0	0	0	242	250	0	0	198	226	0	0	0	0	237	237	138	176	189	193	134	154	312	324
NSant_11_SS_0285	266	274	133	219	222	266	201	205	222	226	220	222	193	205	229	241	134	146	193	193	154	156	340	406
NSant_11_SS_0296	234	278	137	139	222	262	199	201	170	234	206	228	197	209	177	233	138	152	165	193	154	160	340	348
NSant_11_SS_0298	200	200	137	177	266	274	199	201	214	214	212	236	213	229	205	221	138	184	177	197	138	154	336	340
NSant_11_SS_0609	226	262	165	193	206	258	193	237	194	198	220	220	225	263	209	249	156	204	173	193	134	138	328	356
NSant_11_SS_0611	258	286	115	191	246	286	233	237	174	198	220	222	205	233	205	241	138	164	189	213	154	158	188	372
NSant_11_SS_0612	234	242	115	155	266	274	201	201	190	222	206	220	205	205	225	293	152	164	165	177	134	154	300	328
NSant_11_SS_0614	242	278	161	241	242	266	199	201	162	170	0	0	0	0	229	233	138	152	193	197	138	158	320	340
NSant_11_SS_0623	250	278	165	181	254	286	193	201	222	222	222	228	205	205	241	257	168	168	177	177	154	156	304	312
NSant_11_SS_0625	258	286	115	197	250	254	201	201	198	234	220	220	193	205	181	245	134	146	189	189	154	160	308	336
NSant_11_SS_0628	200	250	237	241	266	286	201	233	194	230	222	228	205	213	177	181	164	168	177	189	134	154	188	340
NSant_11_SS_0636	242	262	201	219	222	246	233	237	198	234	220	236	233	287	205	249	156	164	193	193	138	138	328	340
NSant_11_SS_0639	238	262	161	219	172	266	199	237	202	222	220	228	233	237	173	277	134	168	165	193	138	154	272	352
NSant_11_SS_0642	242	270	187	201	222	282	201	237	186	222	220	228	233	275	229	233	142	164	177	189	138	138	252	406
NSant_11_SS_0646	246	278	135	173	238	250	203	229	170	230	222	228	205	237	213	249	142	160	161	189	138	138	304	336
NSant_11_SS_0650	238	270	115	135	210	244	205	207	218	238	220	222	205	205	229	245	152	172	189	193	138	164	316	324
NSant_11_SS_0658	282	286	189	241	0	0	219	233	218	226	206	228	213	303	233	265	164	168	165	177	154	156	0	0
NSant_11_SS_0662	234	238	235	249	230	258	205	237	230	230	222	236	205	275	237	261	138	208	177	193	138	154	332	344
NSant_11_SS_0674	258	270	157	241	222	270	199	207	190	218	220	222	205	275	245	249	164	172	177	189	138	164	244	320
NSant_11_SS_0675	200	242	161	161	242	250	227	227	226	230	220	220	209	233	185	249	134	142	177	193	134	154	340	348
NSant_11_SS_0684	254	286	119	165	226	252	199	237	198	222	210	228	197	237	209	229	164	184	185	197	138	160	188	312
NSant_11_SS_0686	238	242	119	185	0	0	201	219	178	230	220	220	237	291	177	237	138	146	177	177	160	162	0	0
NSant_11_SS_0687	234	282	185	227	244	250	201	219	218	234	220	222	263	287	225	297	138	146	189	193	138	160	252	308
NSant_11_SS_0696	234	262	115	235	246	250	201	229	202	234	206	218	193	275	181	229	164	184	189	197	134	138	304	316
NSant_11_SS_0698	242	270	165	177	258	266	205	237	170	234	216	222	205	237	241	249	138	152	165	189	138	160	280	336
NSant_11_SS_0703	234	270	187	227	266	274	201	201	234	234	220	222	233	279	229	237	142	184	165	193	134	134	332	406
NSant_11_SS_0705	242	294	181	205	236	244	201	237	194	234	212	220	209	299	229	237	134	142	189	193	154	156	316	402
NSant_11_SS_0708	200	254	137	219	250	254	201	237	222	234	220	222	229	233	257	297	138	142	177	193	154	160	288	320
NSant_11_SS_0709	218	254	177	181	214	270	199	199	198	234	236	236	229	233	229	253	142	142	165	189	154	156	348	426
NSant_11_SS_0724	218	242	115	201	222	250	201	205	194	226	222	236	233	283	229	273	152	168	177	177	138	154	356	406
NSant_11_SS_0725	200	282	165	219	230	270	203	205	222	234	206	220	193	209	249	297	134	138	177	197	154	160	252	344
NSant_11_SS_0727	242	278	115	119	266	266	205	237	222	230	236	236	273	283	221	229	160	168	177	177	134	138	332	336
NSant_11_SS_0728	270	274	137	205	254	270	199	203	230	234	206	214	205	291	237	277	142	152	165	217	154	160	320	380
NSant_11_SS_0737	200	282	137	137	250	270	201	237	182	214	206	220	275	283	177	237	134	142	165	177	154	160	344	352
NSant_11_SS_0738	200	266	115	177	244	254	219	233	182	198	212	222	197	283	217	221	134	164	177	177	154	154	308	316
NSant_11_SS_0740	258	262	0	0	206	206	207	221	198	222	220	222	233	233	237	269	152	168	193	197	138	154	0	0
NSant_11_SS_0742	242	266	135	201	240	240	201	201	182	234	222	228	205	233	213	229	152	168	193	197	138	138	188	324
NSant_11_SS_0754	262	270	115	187	0	0	201	203	182	234	228	228	197	237	217	241	146	164	177	193	138	154	308	352
NSant_11_SS_0760	238	242	135	165	250	258	193	205	170	182	228	228	213	229	245	297	134	142	193	197	138	138	272	312
NSant_11_SS_0762	234	262	187	187	250	270	203	203	222	234	220	228	229	229	233	241	146	164	193	193	138	154	328	352
NSant_11_SS_0767	234	242	137	227	250	262	201	227	198	230	220	222	197	205	237	261	142	160	193	193	138	154	188	332
NSant_11_SS_0768	234	242	223	249	0	0	205	237	230	230	220	220	205	205	261	297	134	208	193	193	138	138	332	344
NSant_11_SS_0775	266	270	177	181	236	266	193	201	186	194	212	224	193	237	205	233	142	164	165	193	154	160	336	348
NSant_11_SS_0776	238	278	135	241	248	270	199	219	186	230	220	228	205	283	229	229	156	176	165	177	138	160	324	340
NSant_11_SS_0777	242	242	137	191	240	262	199	237	178	194	210	236	213	229	233	237	142	152	177	193	138	154	188	252
NSant_11_SS_0779	258	262	137	201	250	274	201	227	186	238	228	236	273	295	201	233	152	172	197	197	154	154	352	352
NSant_11_SS_0840	242	278	115	119	214	254	201	237	194	222	206	236	193	249	205	217	146	160	177	189	138	154	184	336
NS-OP_12_0011	258	270	137	235	230	248	201	205	186	230	206	228	193	275	177	269	164	164	177	197	138	138	308	406
NS-OP_12_0012	266	270	201	205	222	266	203	227	222	230	220	220	193	273	201	237	164	164	177	197	134	154	240	308
NS-OP_12_0013	250	254	181	185	230	248	203	227	190	238	206	236	229	237	225	229	164	164	189	189	138	154	188	296
NS-OP_12_0015	246	282	177	187	242	258	199	229	170	226	222	228	213	213	233	237	164	180	161	177	138	158	312	340
NS-OP_12_0019	234	266	169	235	270	292	219	219	186	190	206	222	205	205	205	241	172	172	177	177	138	156	316	336
NS-OP_12_0020	234	258	161	227	250	274	199	201	202	222	206	210	205	221	205	217	152	164	177	193	138	154	348	402
NS-OP_12_0021	242	274	163	177	218	246	201	233	222	230	220	236	233	283	261	277	138	168	177	189	134	138	308	402
NS-OP_12_0022	234	242	181	235	254	278	199	237	186	234	220	222	225	229	181	181	142	160	177	197	154	160	312	316
NS-OP_12_0023	238	286	169	253	246	250	199	227	186	226	220	220	213	233	205	229	152	152	193	197	138	156	280	352
NS-OP_12_0026	242	270	137	181	254	266	201	201	190	198	220	220	201	213	217	273	142	142	189	193	138	162	336	352
NS-OP_12_0034	270	282	191	235	250	254	199	229	190	230	220	228	221	279	229	277	134	164	177	177	138	162	336	394
NS-OP_12_0049	200	246	161	203	250	254	199	237	190	222	222	236	213	221	217	241	134	156	165	189	134	138	280	414
NS-OP_12_0050	258	286	119	227	250	250	199	233	206	230	206	220	189	233	221	241	164	172	177	217	138	138	272	316
NS-OP_12_0051	266	274	165	181	206	266	205	219	202	226	218	228	233	233	193	277	138	168	177	213	154	154	406	426
NS-OP_12_0053	200	278	157	177	256	266	199	237	162	234	206	220	201	213	181	229	152	172	165	197	138	158	316	340
NS-OP_12_0054	238	254	181	201	244	266	199	207	182	202	228	236	229	233	249	249	142	152	177	193	138	160	188	328
NS-OP_12_0055	200	278	199	241	266	286	199	199	222	230	228	228	205	229	205	241	134	142	177	189	134	154	236	320
NS-OP_12_0056	238	278	153	191	230	230	201	221	194	198	220	222	193	229	233	241	134	164	177	177	134	154	312	348
NS-OP_12_0057	238	262	189	193	238	282	201	233	218	222	222	228	233	237	205	265	146	152	177	189	134	134	328	376
NS-OP_12_0058	262	270	191	193	172	222	199	201	202	222	220	222	237	237	205	237	138	172	177	189	138	154	304	320
NS-OP_12_0059	254	290	193	193	230	248	193	199	194	222	220	222	201	201	177	237	142	142	165	177	138	154	236	316
NS-OP_12_0060	250	258	189	197	242	250	233	237	222	230	206	220	193	233	261	269	152	152	165	193	154	154	336	414
NS-OP_12_0062	270	274	115	219	182	282	205	219	202	222	220	222	205	229	185	225	164	184	177	177	134	160	332	344
NS-OP_12_0063	242	258	235	235	250	274	199	201	202	222	210	228	205	225	217	233	138	164	189	193	138	162	320	352
NS-OP_12_0064	200	278	157	181	214	266	199	207	182	222	222	222	221	221	221	241	138	142	165	189	138	138	184	414
NS-OP_12_0065	242	278	181	233	244	266	205	237	186	194	206	220	193	233	233	261	172	176	193	197	154	154	316	348
NS-OP_12_0068	258	282	165	231	250	250	221	233	202	214	220	228	233	237	205	241	168	172	189	189	138	138	320	328
NS-OP_12_0069	238	270	161	189	222	266	199	237	226	230	206	220	233	233	177	273	164	172	161	189	138	154	252	426
NS-OP_12_0071	200	254	177	197	206	222	201	237	186	194	220	220	193	213	225	233	138	164	177	177	138	138	280	344
NS-OP_12_0082	254	254	137	227	230	266	193	221	226	234	222	228	229	233	205	249	134	184	165	177	134	138	316	336
NS-OP_12_0083	234	258	231	235	270	292	193	219	190	238	206	206	193	201	205	205	172	172	177	193	138	156	316	340
NS-OP_12_0084	254	278	195	199	206	258	199	221	198	230	214	220	237	283	177	217	138	156	177	189	138	138	300	332
NS-OP_12_0085	262	266	115	235	266	266	199	237	222	234	218	220	233	275	221	225	138	184	177	193	134	154	276	308
NS-OP_12_0086	246	270	181	235	248	252	197	199	190	218	206	206	205	221	257	261	152	168	193	197	134	138	236	332
NS-OP_12_0087	234	250	181	253	266	266	199	227	226	230	206	222	205	273	217	285	138	142	165	189	138	154	252	414
NS-OP_12_0088	242	282	165	197	266	270	201	227	222	230	212	220	189	205	209	217	164	208	177	189	138	162	320	388
NS-OP_12_0089	242	254	137	189	182	252	233	237	170	194	220	220	205	233	229	281	142	164	177	197	138	154	280	288
NS-OP_12_0090	242	262	137	247	230	250	221	221	186	222	220	224	221	229	217	273	142	168	189	193	138	138	284	288
NS-OP_12_0091	242	290	115	247	250	266	199	237	194	222	220	222	213	229	233	257	164	168	177	197	138	138	280	352
NS-OP_12_0093	246	258	115	181	266	278	205	237	194	226	220	228	229	233	229	257	142	168	177	197	138	154	244	352
NS-OP_12_0094	262	270	177	227	244	244	201	201	202	226	222	236	205	221	277	289	138	146	193	197	154	158	324	356
NS-OP_12_0111	242	270	137	181	242	246	201	237	202	210	222	236	205	233	229	229	142	146	165	193	138	154	316	324
NS-OP_12_0126	242	270	137	235	242	254	193	199	190	202	206	210	205	291	237	253	138	184	165	177	134	154	312	380
NS-OP_12_0127	258	258	161	191	172	252	199	201	222	234	220	222	193	275	177	237	152	164	177	197	134	138	328	340
NS-OP_12_0128	258	258	165	193	246	246	199	227	218	234	220	222	225	229	237	249	142	156	189	193	134	138	336	336
NS-OP_12_0129	234	278	161	203	222	242	193	237	222	238	206	220	233	237	225	249	142	164	177	189	154	154	252	272
NS-OP_12_0130	218	270	161	253	234	246	221	227	222	230	220	236	233	263	225	257	146	152	189	193	154	154	352	352
NS-OP_12_0131	246	254	115	241	206	254	193	233	202	230	220	222	197	225	205	233	156	168	189	189	154	154	308	336
NS-OP_12_0132	234	242	137	181	262	278	201	233	222	230	210	220	209	283	181	217	138	138	165	177	138	154	300	340
NS-OP_12_0133	242	242	177	181	244	262	201	227	218	218	222	222	237	287	177	245	164	176	177	197	138	138	324	328
NS-OP_12_0134	234	270	161	191	206	254	199	201	198	226	212	214	229	233	229	229	146	180	189	197	138	158	244	312
NS-OP_12_0135	242	242	137	187	240	242	199	237	194	226	220	222	213	237	177	257	138	152	189	189	138	154	320	328
NS-OP_12_0137	250	294	137	235	250	288	227	237	190	198	220	220	193	213	233	261	134	138	177	193	138	160	252	300
NS-OP_12_0138	234	290	161	181	242	262	233	237	170	230	220	228	237	283	245	261	142	142	177	189	154	154	308	340
NS-OP_12_0139	242	242	185	201	250	266	207	227	198	214	212	222	229	229	229	241	138	146	177	193	156	160	316	340
NS-OP_12_0140	200	242	157	165	246	254	237	237	202	230	236	236	193	197	181	237	142	164	165	177	138	154	184	406
NS-OP_12_0141	242	278	137	253	206	244	203	233	190	198	222	222	197	205	233	249	138	168	197	201	134	154	336	348
NS-OP_12_0142	234	270	181	227	254	274	199	207	222	226	214	220	229	233	229	237	146	180	189	197	154	160	244	312
NS-OP_12_0143	246	262	137	189	240	266	199	201	230	234	206	228	193	213	217	225	168	172	177	197	138	156	308	320
NS-OP_12_0144	242	258	115	247	250	266	201	237	190	198	220	222	213	229	233	241	164	168	165	177	138	154	280	316
NS-OP_12_0145	250	262	115	191	262	274	205	205	222	230	220	220	233	245	177	249	160	164	165	193	138	154	244	348
NS-OP_12_0146	242	258	161	205	250	270	199	205	230	234	220	222	221	225	209	269	138	152	165	189	134	134	292	332
NS-OP_12_0147	200	278	157	241	256	266	199	237	162	234	206	228	201	213	217	237	152	164	165	197	138	158	316	340
NS-OP_12_0148	266	278	181	241	242	262	197	199	218	222	220	222	201	213	181	217	152	164	177	193	138	154	312	380
NS-OP_12_0149	238	258	165	181	246	262	227	227	194	234	220	222	229	233	237	269	134	142	193	193	138	158	184	332
NS-OP_12_0150	234	278	137	201	222	246	193	201	222	238	206	220	237	275	217	273	164	176	177	193	134	138	188	352
NS-OP_12_0151	266	266	115	181	172	236	199	199	174	190	222	222	197	197	237	273	142	168	161	177	154	154	344	372
NS-OP_12_0156	266	286	191	195	242	242	199	227	170	226	216	220	213	229	185	189	152	168	177	177	154	164	316	410
NS-OP_12_0158	242	266	135	219	234	248	207	237	190	230	220	220	273	279	237	257	138	164	193	197	154	160	308	332
NS-OP_12_0162	242	250	115	115	244	248	201	221	218	222	220	228	193	205	181	233	164	168	165	177	138	154	316	340
NS-OP_12_0165	266	278	119	241	236	254	201	205	178	190	206	206	197	229	241	241	138	142	165	193	134	154	312	320
NS-OP_12_0166	270	278	115	161	234	242	199	233	178	222	220	228	237	275	237	297	142	142	177	193	138	154	296	316
NS-OP_12_0167	246	258	137	181	250	270	205	227	190	198	220	236	197	283	261	281	138	142	193	193	138	160	252	352
NS-OP_12_0186	226	246	157	203	250	266	199	237	190	222	222	228	197	221	217	241	134	142	189	193	138	138	184	414
NS-OP_12_0187	218	270	161	203	222	246	199	201	226	234	210	226	197	275	217	273	142	184	177	193	134	154	188	252
NS-OP_12_0188	218	258	115	247	240	250	199	233	198	222	220	222	213	229	233	241	164	176	177	197	154	154	280	316
NS-OP_12_0189	258	266	137	241	222	254	193	205	178	222	222	228	229	287	237	241	138	142	165	217	134	154	312	344
NS-OP_12_0191	242	246	193	197	230	274	199	199	194	202	218	222	205	233	185	241	134	152	177	189	134	154	328	414
NS-OP_12_0192	234	278	177	197	250	270	183	201	198	222	236	236	193	205	237	249	156	168	177	193	138	160	268	422
NS-OP_12_0193	242	266	157	201	244	262	201	237	194	222	220	228	197	209	177	217	138	142	177	189	156	156	276	376
NS-OP_12_0194	242	242	115	201	238	254	203	227	222	230	220	220	273	283	217	261	142	164	177	189	154	154	252	312
NS-OP_12_0195	242	278	177	181	254	266	199	199	194	198	220	222	205	205	225	237	142	160	177	193	138	166	244	324
NS-OP_12_0196	242	290	137	161	238	246	237	237	190	222	220	222	197	209	181	229	146	152	165	177	138	154	340	356
NS-OP_12_0197	242	266	135	219	248	250	199	227	190	226	220	220	213	233	177	237	138	138	193	193	154	160	308	352
NS-OP_12_0198	242	250	137	177	222	262	201	201	170	210	206	222	205	221	237	257	152	152	165	177	154	154	244	348
NS-OP_12_0199	242	266	181	201	250	270	201	227	214	226	212	222	205	229	213	229	138	146	177	193	154	160	340	340
NS-OP_12_0200	242	274	219	235	230	234	201	219	182	226	222	228	229	283	181	229	164	172	177	197	138	162	324	406
NS-OP_12_0201	238	262	177	235	226	262	233	233	202	206	222	228	233	237	213	273	142	164	189	193	134	138	340	340
NS-OP_12_0202	274	282	181	189	242	288	199	233	186	186	214	220	205	237	205	213	146	168	177	197	138	138	316	348
NS-OP_12_0213	242	242	161	191	258	282	199	205	194	230	206	220	237	283	209	269	138	152	165	189	134	134	292	316
NS-OP_12_0214	218	270	201	201	222	234	221	237	222	234	220	236	233	275	217	257	160	184	189	189	138	154	284	352
NS-OP_12_0215	258	266	165	227	226	252	199	199	190	218	210	220	213	283	237	277	164	184	197	197	138	138	316	380
NS-OP_12_0216	218	270	161	203	222	246	193	201	234	238	210	220	233	237	217	225	142	184	189	213	154	154	252	272
NS-OP_12_0220	218	254	161	231	258	270	201	221	214	222	214	222	233	237	173	237	152	164	177	177	134	154	316	332
NS-OP_12_0221	270	290	177	197	218	222	199	227	222	238	206	222	205	279	205	225	160	164	177	177	134	164	276	332
NS-OP_12_0222	234	278	161	161	214	222	227	227	202	218	206	220	213	229	261	265	152	184	165	189	154	160	252	398
NS-OP_12_0223	250	282	115	193	238	244	201	201	194	222	206	222	193	205	173	253	134	164	177	177	134	158	252	332
NS-OP_12_0231	238	266	161	227	240	244	201	201	206	222	206	222	205	205	237	265	138	164	193	197	138	154	324	356
NS-OP_12_0232	234	270	177	199	250	266	227	227	174	222	220	222	237	237	237	237	152	168	177	177	134	138	336	336
NS-OP_12_0233	238	278	195	195	250	256	219	233	222	230	218	222	205	273	217	237	142	164	177	177	154	154	376	406
NS-OP_12_0234	242	242	189	205	250	258	193	205	230	234	206	220	237	283	209	217	138	152	165	189	138	154	332	352
NS-OP_12_0246	262	286	181	201	242	288	199	201	202	222	206	228	205	287	209	269	138	142	165	177	138	138	296	336
NS-OP_12_0247	242	246	119	235	206	250	205	227	170	222	218	220	197	221	245	257	164	164	165	193	134	162	344	356
NS-OP_12_0248	250	282	165	173	222	248	199	233	218	230	206	206	225	229	205	241	164	172	177	177	134	138	308	348
NS-OP_12_0250	242	290	181	187	242	270	199	207	214	230	206	228	205	221	213	257	142	146	177	193	138	154	280	316
NS-OP_12_0251	266	270	153	177	244	254	201	201	202	206	206	222	205	221	277	289	142	146	193	197	154	158	324	356
NS-OP_12_0253	258	270	181	249	222	222	199	237	222	230	220	228	233	291	233	257	142	152	161	193	138	166	284	344
NS-OP_12_0254	250	270	197	231	254	266	199	203	210	230	212	228	201	205	181	261	134	164	177	189	134	160	340	340
NS-OP_12_0255	270	274	235	245	230	234	201	237	218	226	222	228	213	229	181	237	164	172	165	181	138	162	324	406
NS-OP_12_0256	238	270	187	227	244	266	199	233	230	234	206	220	201	291	229	229	152	156	161	193	138	138	340	426
NS-OP_12_0257	238	242	115	179	266	270	199	201	218	222	220	220	213	237	233	261	164	176	189	193	138	154	336	340
NS-OP_12_0258	258	270	181	227	234	266	199	233	182	222	222	228	193	295	233	257	142	184	177	189	138	166	284	344
NS-SS_12_0032	238	274	181	227	0	0	227	233	230	234	0	0	0	0	181	261	142	164	177	193	138	160	272	388
NS-SS_12_0126	242	270	137	137	246	250	199	205	186	186	206	206	205	233	229	229	152	188	177	197	154	162	188	280
NS-SS_12_0052	0	0	0	0	0	0	0	0	186	234	222	222	229	233	0	0	168	212	177	197	134	154	252	360
NS-SS_12_0042	0	0	0	0	206	262	0	0	162	170	222	222	225	287	181	241	142	146	177	189	138	154	308	372
NS-SS_12_0058	0	0	181	245	222	270	201	233	230	230	220	228	193	233	229	237	142	142	193	193	154	154	304	344
NS-SS_12_0084	254	278	195	199	0	0	199	221	170	230	222	222	233	233	193	241	164	168	177	197	154	154	188	332
NS-SS_12_0150	238	242	181	199	244	270	199	201	198	198	206	222	205	229	249	261	142	146	177	193	154	154	0	0
NS-SS_12_0007	242	282	165	235	222	288	199	201	186	222	214	220	197	229	245	261	160	160	177	217	134	162	188	332
NS-SS_12_0014	238	258	177	193	206	266	199	233	190	230	220	228	225	233	181	245	138	172	193	193	138	154	332	336
NS-SS_12_0015	218	242	115	189	238	256	199	221	230	230	220	228	205	229	205	233	142	142	177	217	138	154	268	336
NS-SS_12_0020	242	258	137	191	240	250	199	233	190	202	206	210	193	233	273	281	152	156	177	197	156	160	312	340
NS-SS_12_0027	266	278	187	253	250	282	201	227	230	234	220	228	229	233	177	181	160	184	177	193	138	160	316	332
NS-SS_12_0028	250	278	115	235	262	266	199	227	170	222	218	236	205	229	213	241	160	172	165	197	138	154	320	336
NS-SS_12_0029	234	242	115	195	246	262	199	201	186	198	220	222	193	229	237	257	138	142	193	193	138	154	288	312
NS-SS_12_0034	258	270	157	185	242	266	199	237	186	234	220	228	197	275	221	225	142	152	193	193	134	154	188	348
NS-SS_12_0035	242	258	115	137	206	274	201	233	190	238	220	228	205	237	225	261	152	152	177	197	138	138	304	316
NS-SS_12_0040	258	282	137	197	250	266	201	233	182	202	218	236	205	287	237	241	142	146	189	193	154	166	340	348
NS-SS_12_0043	242	286	137	219	218	236	233	237	206	238	210	220	205	233	181	213	146	160	193	197	138	166	308	356
NS-SS_12_0044	242	270	177	235	206	282	193	227	230	234	206	206	229	291	217	245	142	146	177	189	154	156	344	356
NS-SS_12_0053	200	258	165	191	250	250	201	229	198	312	222	228	221	225	229	285	134	142	165	177	156	158	340	372
NS-SS_12_0054	242	258	137	235	256	262	199	207	190	222	220	228	229	229	209	233	152	176	177	177	154	154	188	336
NS-SS_12_0056	278	310	165	185	250	266	199	221	190	222	206	228	205	229	181	273	142	152	177	177	154	156	312	328
NS-SS_12_0064	200	200	137	193	238	282	201	203	186	230	220	228	229	233	229	257	138	138	177	193	138	160	328	392
NS-SS_12_0068	246	286	135	161	250	258	227	227	230	234	220	220	197	263	221	269	160	184	177	193	134	154	336	344
NS-SS_12_0069	266	286	189	219	246	254	199	199	182	222	220	220	221	229	229	281	142	142	165	193	154	162	320	418
NS-SS_12_0070	242	242	137	185	236	270	199	233	198	222	206	222	275	275	205	273	164	172	177	177	138	158	336	344
NS-SS_12_0071	258	286	155	185	242	262	199	233	186	186	220	236	221	295	225	273	142	142	165	177	138	160	328	332
NS-SS_12_0078	258	282	119	189	246	250	199	221	186	202	220	228	233	237	205	241	142	168	193	193	138	154	320	328
NS-SS_12_0079	218	270	157	191	262	266	193	205	170	230	206	220	193	233	225	229	142	164	165	177	154	166	320	418
NS-SS_12_0080	258	262	115	187	214	278	197	219	218	222	220	222	213	225	205	217	134	138	177	189	134	138	280	320
NS-SS_12_0086	218	234	161	219	222	230	221	237	218	234	220	220	205	229	201	229	146	172	177	197	156	160	340	426
NS-SS_12_0096	258	270	115	115	278	286	199	237	226	230	220	222	201	205	217	277	142	164	177	193	154	156	316	328
NS-SS_12_0111	238	242	191	205	222	244	233	237	190	230	218	222	213	233	221	281	164	168	177	193	138	138	292	414
NS-SS_12_0118	242	258	137	137	206	214	221	221	202	230	222	228	193	205	233	249	152	168	177	193	138	154	316	360
NS-SS_12_0122	238	258	191	197	234	238	193	203	182	230	206	222	193	229	237	249	138	168	193	197	134	160	236	348
NS-SS_12_0154	238	242	115	193	222	270	193	201	190	222	206	222	233	249	237	237	138	142	193	197	138	154	316	388
NS-SS_12_0168	270	290	177	201	172	222	197	219	190	234	222	236	205	205	209	257	152	208	189	197	138	154	296	348
NS-SS_12_0169	266	290	115	189	266	270	199	201	190	234	206	206	233	237	225	253	138	184	177	177	138	156	328	340
NS-SS_12_0230	246	258	115	231	262	266	199	201	230	234	222	228	209	229	225	241	142	172	165	177	138	154	336	336