OtsAC16NSNT_1003	242	266	115	237	222	266	199	237	170	206	222	228	221	279	237	273	142	184	193	197	154	160	328	344
OtsAC16NSNT_1004	258	258	137	193	240	248	201	227	170	190	216	220	237	283	237	241	134	164	177	193	138	160	296	320
OtsAC16NSNT_1005	242	266	153	161	262	266	199	201	230	230	220	228	229	229	221	233	160	168	165	177	138	154	184	280
OtsAC16NSNT_1009	234	270	135	219	248	254	193	203	186	190	220	228	205	237	205	233	168	168	165	177	154	160	244	312
OtsAC16NSNT_1010	258	258	115	135	206	270	201	201	202	222	224	228	201	233	221	229	134	152	177	197	138	154	188	236
OtsAC16NSNT_1012	200	274	235	235	234	266	199	237	218	238	206	222	229	283	237	265	142	164	177	197	138	156	340	426
OtsAC16NSNT_1015	200	250	193	235	210	270	237	237	194	222	220	222	221	221	237	273	142	142	177	193	138	160	332	348
OtsAC16NSNT_1016	242	274	165	227	244	270	207	233	170	186	220	222	233	233	237	253	142	152	177	189	134	154	316	348
OtsAC16NSNT_1018	242	254	137	169	234	274	199	237	198	230	216	222	205	279	261	273	152	152	177	177	154	154	316	348
OtsAC16NSNT_1020	270	278	191	201	250	250	205	237	202	226	212	222	229	237	225	297	152	172	165	189	138	154	280	332
OtsAC16NSNT_1024	262	278	115	177	254	288	193	219	170	186	220	220	197	233	209	229	152	164	177	177	154	154	336	352
OtsAC16NSNT_1026	258	286	137	181	266	274	199	199	206	222	220	220	209	221	221	237	152	168	177	197	138	158	272	316
OtsAC16NSNT_1031	242	254	201	207	248	266	199	207	186	222	228	228	275	279	177	273	134	138	177	193	134	160	308	348
OtsAC16NSNT_1033	238	258	119	193	262	270	201	203	194	222	222	228	237	249	237	273	138	184	177	197	138	160	272	316
OtsAC16NSNT_1035	258	290	137	219	206	266	199	205	186	234	220	228	233	275	229	233	164	184	177	177	154	154	244	272
OtsAC16NSNT_1039	242	242	191	235	242	254	193	199	190	202	206	220	237	291	225	253	138	146	177	177	154	154	312	336
OtsAC16NSNT_1040	242	270	137	137	250	250	199	237	230	234	214	220	197	205	185	261	142	142	177	197	134	156	320	336
OtsAC16NSNT_1041	250	262	177	219	250	250	201	233	222	226	220	222	205	233	209	277	142	142	165	177	134	154	316	328
OtsAC16NSNT_1043	218	242	137	181	250	270	199	237	182	218	228	236	193	205	265	297	164	168	177	217	134	154	240	280
OtsAC16NSNT_1046	270	270	135	189	234	250	201	227	186	190	222	222	229	229	273	273	146	172	177	189	134	160	336	380
OtsAC16NSNT_1047	270	270	233	245	250	254	201	207	198	230	212	222	233	287	229	257	168	168	177	177	138	154	272	320
OtsAC16NSNT_1048	262	278	115	223	266	282	219	227	190	194	228	236	229	233	209	273	152	168	165	189	134	138	352	356
OtsAC16NSNT_1049	242	262	137	227	222	230	227	237	202	230	206	220	229	273	241	257	146	164	177	193	154	156	284	406
OtsAC16NSNT_1051	234	266	181	245	214	214	199	199	198	230	228	236	233	291	181	273	138	160	177	177	134	154	320	394
OtsAC16NSNT_1057	0	0	0	0	242	266	0	0	190	234	222	228	193	229	225	229	164	168	197	197	154	156	280	320
OtsAC16NSNT_1059	250	258	137	177	266	266	207	237	222	230	220	220	201	229	233	241	138	142	177	189	134	154	188	356
OtsAC16NSNT_1064	242	266	193	219	244	246	199	201	190	194	228	228	193	233	209	225	152	184	177	193	138	156	284	320
OtsAC16NSNT_1067	258	278	159	191	238	248	219	237	226	226	218	220	201	233	253	273	152	172	177	193	138	138	276	348
OtsAC16NSNT_1135	200	238	189	203	246	250	201	201	194	202	220	228	205	229	173	249	142	168	193	193	154	160	406	406
OtsAC16NSNT_1136	258	258	119	165	214	242	201	203	170	222	206	214	209	225	237	237	164	204	177	193	134	162	340	392
OtsAC16NSNT_1140	258	266	169	235	248	256	201	227	194	226	220	220	213	279	225	261	134	164	165	197	138	154	312	344
OtsAC16NSNT_1143	234	258	181	189	238	252	201	201	230	230	220	228	237	237	229	293	160	168	189	193	154	160	292	316
OtsAC16NSNT_1150	266	290	137	137	206	266	199	201	194	230	220	220	209	229	229	245	146	160	177	193	154	162	312	344
OtsAC16NSNT_1155	258	274	191	201	240	266	205	219	190	222	222	236	205	205	221	257	142	160	165	189	134	154	188	188
OtsAC16NSNT_1159	278	282	137	193	242	250	205	227	190	230	220	228	193	237	233	289	142	164	177	177	134	166	356	422
OtsAC16NSNT_1168	242	294	165	189	230	250	199	199	194	198	206	222	205	237	233	281	146	152	177	177	154	160	340	356
OtsAC16NSNT_1171	242	266	137	231	172	266	199	237	226	230	218	220	205	209	221	229	134	152	177	177	138	154	188	276
OtsAC16NSNT_1172	242	270	137	181	236	266	227	233	222	234	220	222	209	275	261	273	164	176	177	193	158	160	328	344
OtsAC16NSNT_1174	270	282	203	241	266	286	201	201	222	222	220	222	229	249	249	257	142	164	193	193	138	162	324	352
OtsAC16NSNT_1175	242	278	115	115	206	242	199	199	190	222	206	206	193	205	229	233	160	172	165	193	134	138	312	368
OtsAC16NSNT_1181	226	274	161	161	222	240	199	221	190	230	220	222	213	225	241	265	134	242	177	177	138	160	300	308
OtsAC16NSNT_1182	242	242	135	161	206	266	227	237	234	234	220	228	205	273	229	237	134	164	165	193	138	160	280	364
OtsAC16NSNT_1183	0	0	0	0	238	254	193	199	202	226	218	220	201	205	229	229	134	138	177	217	154	160	320	356
OtsAC16NSNT_1185	242	266	115	181	172	274	199	227	174	222	210	222	197	237	229	273	142	168	161	193	154	154	332	372
OtsAC16NSNT_1186	266	266	137	193	248	270	233	237	186	190	220	222	213	237	241	253	142	168	177	177	138	154	300	320
OtsAC16NSNT_1187	258	274	193	235	252	270	193	201	202	234	220	228	193	229	213	237	138	146	177	177	134	154	184	348
OtsAC16NSNT_1191	242	262	115	207	206	286	199	233	210	218	220	220	237	283	177	229	142	168	193	197	134	138	184	368
OtsAC16NSNT_1192	242	270	177	177	248	266	233	237	182	234	206	228	205	237	181	201	146	152	165	193	138	160	188	312
OtsAC16NSNT_1196	262	274	177	197	282	282	199	233	178	234	206	220	193	237	181	281	134	200	189	213	154	154	188	360
OtsAC16NSNT_1197	242	242	115	201	262	270	201	227	198	214	212	220	193	205	213	277	146	156	177	193	154	160	344	356
OtsAC16NSNT_1203	234	250	135	223	246	248	193	203	190	234	220	220	233	237	233	249	168	168	165	177	138	154	320	336
OtsAC16NSNT_1206	258	278	137	203	234	278	193	233	186	202	220	220	197	205	229	273	146	176	177	177	138	138	244	336
OtsAC16NSNT_1207	270	278	137	161	266	266	201	201	190	190	206	220	189	201	233	273	134	142	177	189	138	138	316	352
OtsAC16NSNT_1209	242	286	187	193	236	258	201	229	194	226	206	228	189	213	233	277	138	172	177	189	138	156	336	340
OtsAC16NSNT_1210	242	278	115	119	206	230	201	219	194	230	206	228	205	237	205	233	134	146	193	193	138	154	316	422
OtsAC16NSNT_1211	254	290	137	185	240	270	203	207	190	214	222	222	205	229	241	277	130	146	177	193	138	138	256	352
OtsAC16NSNT_1212	250	270	135	177	250	270	205	237	218	230	220	236	221	225	249	261	146	152	189	201	138	154	272	406
OtsAC16NSNT_1217	242	246	161	181	234	250	199	201	190	214	228	228	229	279	205	241	142	146	177	193	160	160	280	426
OtsAC16NSNT_1219	250	262	115	157	248	266	221	237	190	194	220	236	221	233	213	241	134	152	177	189	134	160	336	392
OtsAC16NSNT_1221	266	266	185	247	234	252	227	227	210	218	220	236	213	233	185	257	142	164	165	197	154	156	308	316
OtsAC16NSNT_1222	274	278	191	253	234	250	199	201	190	190	206	228	205	287	181	249	164	172	165	177	154	162	284	376
OtsAC16NSNT_1224	242	242	137	181	266	270	207	233	198	234	220	222	237	275	237	249	164	176	177	189	154	158	328	344
OtsAC16NSNT_1225	242	282	193	245	250	254	199	233	230	230	214	228	221	229	173	225	156	168	193	213	160	166	328	344
OtsAC16NSNT_1226	242	274	185	237	206	244	199	227	206	234	206	216	233	233	177	245	146	168	177	177	138	138	188	320
OtsAC16NSNT_1230	278	278	191	205	218	238	193	199	186	186	206	220	197	229	177	205	138	146	177	193	154	162	352	410
OtsAC16NSNT_1232	242	250	161	191	222	270	201	205	194	198	218	220	205	237	261	269	168	184	165	177	134	154	280	292
OtsAC16NSNT_1237	258	270	115	191	240	266	233	237	182	202	220	222	221	245	185	221	146	160	177	193	160	162	184	316
OtsAC16NSNT_1240	258	290	191	199	248	270	201	203	218	222	220	236	193	225	177	241	138	168	189	193	138	154	308	348
OtsAC16NSNT_1241	234	238	137	181	256	266	193	201	214	230	220	222	229	287	233	241	134	146	177	189	154	154	308	312
OtsAC16NSNT_1242	242	258	115	165	240	282	199	201	222	226	220	220	205	233	205	257	164	196	177	193	134	162	184	340
OtsAC16NSNT_1244b	234	270	161	233	206	222	199	201	194	288	224	228	205	229	241	245	138	160	177	189	154	160	308	336
OtsAC16NSNT_1245	218	242	161	181	250	266	199	237	190	214	222	228	225	229	205	241	142	168	177	193	138	154	280	296
OtsAC16NSNT_1247	242	242	185	197	240	248	233	237	194	230	218	222	213	237	233	241	160	164	177	193	134	156	312	414
OtsAC16NSNT_1250	242	242	115	233	238	266	199	233	222	230	220	222	205	213	181	249	134	138	161	193	154	154	320	324
OtsAC16NSNT_1251	242	242	223	233	244	250	201	201	202	222	218	222	197	205	229	233	134	138	177	193	138	138	256	340
OtsAC16NSNT_1254	242	278	137	235	250	266	199	233	190	230	206	218	197	205	257	297	138	138	165	165	138	142	244	344
OtsAC16NSNT_1257	242	274	119	179	250	270	221	233	222	222	206	222	209	237	257	261	164	164	193	197	138	154	0	0
OtsAC16NSNT_1258	242	258	177	187	246	250	199	237	218	234	220	222	197	275	177	237	164	168	193	197	154	154	340	352
OtsAC16NSNT_1262	234	266	157	185	206	252	199	201	230	230	220	222	193	209	205	277	138	146	165	193	138	156	188	406
OtsAC16NSNT_1263	238	262	177	227	248	254	199	229	222	230	220	236	221	279	241	269	134	164	189	193	160	160	320	352
OtsAC16NSNT_1264	242	262	115	187	230	240	203	205	178	230	206	228	237	237	181	281	200	212	189	193	154	154	284	344
OtsAC16NSNT_1380	242	310	115	253	234	270	201	233	190	206	222	228	201	205	193	225	146	156	177	177	154	154	332	336
OtsAC16NSNT_1381	242	274	201	253	244	250	183	201	198	222	218	220	205	295	241	277	134	152	165	193	154	162	184	284
OtsAC16NSNT_1386	254	278	115	161	250	250	199	199	174	194	228	236	221	237	237	273	138	146	165	177	138	154	332	336
OtsAC16NSNT_1389	238	254	161	201	242	270	227	233	186	222	228	228	193	205	177	241	152	160	177	177	134	138	324	336
OtsAC16NSNT_1391	262	270	137	161	248	266	199	201	190	222	220	222	197	233	249	249	138	152	177	177	138	138	280	348
OtsAC16NSNT_1393	218	278	135	185	254	266	207	237	214	226	210	228	193	205	213	233	146	164	177	193	138	154	312	352
OtsAC16NSNT_1396	200	270	161	193	254	282	199	199	182	190	220	236	201	221	241	261	134	142	177	189	134	154	280	316
OtsAC16NSNT_1400	246	270	137	161	250	250	201	201	222	238	222	228	225	233	177	205	156	164	197	213	154	154	252	380
OtsAC16NSNT_1402	258	278	219	221	240	244	201	205	166	222	220	228	233	237	237	237	142	152	177	177	138	154	188	284
OtsAC16NSNT_1405	200	238	189	203	250	282	193	237	194	234	218	222	205	229	237	249	134	142	165	193	154	160	406	406
OtsAC16NSNT_1406	246	270	161	193	250	286	199	207	222	230	222	236	201	213	177	217	134	142	177	189	134	138	280	316
OtsAC16NSNT_1415	200	242	119	181	238	262	201	201	194	218	222	228	205	237	241	249	146	164	177	193	138	138	0	0
OtsAC16NSNT_1419	238	270	193	201	172	270	203	205	202	230	220	222	205	213	221	237	142	142	177	189	154	154	344	418
OtsAC16NSNT_1422	254	290	137	181	242	248	199	203	190	214	206	222	205	229	229	257	130	168	177	193	154	160	332	352
OtsAC16NSNT_1424	262	270	161	223	234	282	201	227	190	218	220	222	205	221	233	249	142	142	177	193	138	154	288	344
OtsAC16NSNT_1426	234	266	115	165	234	248	193	201	170	214	220	220	193	205	181	233	142	164	177	193	138	138	316	348
OtsAC16NSNT_1427	242	242	185	247	214	242	201	201	198	226	228	236	201	205	237	249	142	152	193	197	138	138	312	406
OtsAC16NSNT_1428	234	234	135	191	222	246	201	203	214	230	220	220	205	287	233	297	146	184	177	189	138	160	336	336
OtsAC16NSNT_1431	250	250	181	191	244	266	227	237	182	190	220	222	197	221	245	277	138	152	177	193	138	154	184	406
OtsAC16NSNT_1433	234	250	181	219	244	254	203	233	198	230	220	222	213	233	177	209	142	156	165	193	138	160	316	426
OtsAC16NSNT_1435	278	290	227	241	236	288	201	237	190	214	206	220	197	233	237	273	138	160	177	193	134	154	320	352
OtsAC16NSNT_1436	242	270	137	185	262	282	201	227	226	230	222	228	205	205	217	237	152	164	177	177	154	162	316	336
OtsAC16NSNT_1440	200	242	191	241	244	266	201	237	194	234	206	222	201	275	217	233	134	152	165	197	138	154	336	340
OtsAC16NSNT_1442	242	270	137	165	214	242	201	227	198	226	222	236	201	205	217	233	142	152	177	213	138	138	280	352
OtsAC16NSNT_1444	246	250	135	181	248	266	201	237	210	230	218	228	193	233	225	269	160	164	177	177	138	138	188	296
OtsAC16NSNT_1446	234	266	169	193	244	262	233	237	206	218	220	228	197	233	217	273	142	160	177	189	138	154	244	372
OtsAC16NSNT_1448	270	278	115	219	206	270	203	205	222	230	206	222	205	229	233	233	138	138	177	185	138	162	348	348
OtsAC16NSNT_1449	242	262	161	181	246	266	201	205	166	186	206	228	197	233	233	245	138	176	177	197	154	162	348	356
OtsAC16NSNT_1455	242	270	191	235	248	250	199	203	198	234	218	236	193	229	177	261	142	172	177	189	138	154	372	380
OtsAC16NSNT_1457	278	278	115	137	250	250	205	227	166	222	212	228	233	237	257	261	138	142	165	177	134	154	344	422
OtsAC16NSNT_1459	242	270	135	191	242	254	233	237	222	312	206	228	205	237	181	269	142	146	177	177	138	138	312	316
OtsAC16NSNT_1463	238	242	137	253	244	246	199	233	182	190	220	222	189	193	177	249	142	168	177	189	134	158	272	340
OtsAC16NSNT_1465	200	230	181	193	214	248	199	205	206	230	206	220	229	229	253	257	142	164	189	189	154	154	312	348
OtsAC16NSNT_1470	242	246	161	177	250	262	201	201	190	230	222	228	205	275	225	241	134	138	189	193	160	162	236	312
OtsAC16NSNT_1473	258	274	161	161	250	266	207	227	182	222	220	220	193	205	177	277	138	156	189	193	138	154	308	324
OtsAC16NSNT_1474	242	270	165	201	248	250	199	233	174	186	220	236	221	233	229	237	160	164	177	193	154	154	304	308
OtsAC16NSNT_1479	200	242	189	241	238	252	201	237	190	226	222	222	209	237	233	241	134	164	165	193	134	138	284	414
OtsAC16NSNT_1480	258	270	169	203	246	256	201	207	234	234	220	228	229	233	249	249	142	146	193	213	134	162	184	252
OtsAC16NSNT_1481	234	242	227	253	222	250	201	221	222	226	220	236	193	233	257	269	138	184	177	189	138	160	336	352
OtsAC16NSNT_1482	254	270	181	185	250	266	203	237	222	226	220	236	205	205	257	257	172	172	193	197	138	154	288	394
OtsAC16NSNT_1483	238	242	115	245	254	262	199	237	214	312	206	228	205	213	177	269	152	164	177	197	138	138	188	288
OtsAC16NSNT_1486	200	282	169	181	282	286	221	233	170	186	224	228	193	205	217	233	160	164	177	213	154	154	328	344
OtsAC16NSNT_1487	258	270	165	177	266	288	227	233	218	226	220	222	237	237	181	225	138	142	177	177	138	160	184	316
OtsAC16NSNT_1491	242	286	137	137	266	288	199	219	202	230	216	222	197	233	237	257	142	172	165	193	154	162	300	320
OtsAC16NSNT_1492	238	270	177	201	222	226	221	233	202	222	222	222	233	263	209	273	142	146	189	189	138	138	340	352
OtsAC16NSNT_1495	266	274	181	235	254	256	201	221	194	198	220	220	205	213	257	261	134	160	165	177	138	154	328	406
OtsAC16NSNT_1497	234	270	135	219	244	246	233	233	214	234	220	220	233	273	233	249	146	168	165	177	138	160	312	320
OtsAC16NSNT_1498	200	258	115	177	244	266	201	227	226	234	212	236	221	263	237	245	134	146	177	197	138	162	188	340
OtsAC16NSNT_1500	218	262	137	189	240	248	199	199	190	234	206	228	229	233	177	217	168	184	177	197	154	156	188	352
OtsAC16NSNT_1501	242	282	189	191	242	242	227	233	186	230	220	220	205	205	205	273	164	168	177	197	138	138	328	348
OtsAC16NSNT_1502	258	258	119	191	172	254	199	203	194	234	222	228	205	275	237	237	134	164	177	197	134	154	328	406
OtsAC16NSNT_1504	242	282	115	161	218	250	199	205	186	218	214	220	197	225	237	249	142	152	193	197	134	154	188	320
OtsAC16NSNT_1505	250	258	161	247	222	270	199	205	234	234	206	206	275	283	237	241	164	168	177	189	154	154	316	352
OtsAC16NSNT_1508	278	282	115	159	250	266	227	237	202	222	218	222	201	233	229	257	172	188	177	189	138	156	188	348
OtsAC16NSNT_1510	222	282	115	161	206	270	199	205	190	316	220	220	221	233	225	245	146	156	177	193	138	154	188	252
OtsAC16NSNT_1513	218	234	169	191	240	270	219	221	182	190	206	220	193	205	205	233	142	172	177	177	134	138	316	336
OtsAC16NSNT_1514	234	274	135	235	234	254	203	219	182	214	222	228	213	233	229	233	168	184	165	177	138	154	312	406
OtsAC16NSNT_1515	242	266	161	197	266	274	201	227	178	222	210	220	205	233	177	181	152	184	177	217	138	154	256	288
OtsAC16NSNT_1517	258	278	189	197	206	234	199	201	186	222	220	220	201	233	237	237	134	164	177	177	138	154	188	340
OtsAC16NSNT_1518	238	270	181	235	240	270	203	233	186	222	210	228	205	299	241	257	146	164	177	197	154	166	304	324
OtsAC16NSNT_1522	192	238	115	161	238	270	201	201	226	296	206	220	193	273	217	261	164	168	177	177	138	162	312	388
OtsAC16NSNT_1523	258	286	195	197	206	270	199	201	226	238	206	216	201	213	185	241	152	172	177	177	154	154	316	336
OtsAC16NSNT_1526	242	258	135	189	250	250	201	227	190	194	222	236	229	233	229	273	146	172	177	177	138	154	380	406
OtsAC16NSNT_1531	238	258	161	191	222	270	193	199	194	234	206	206	205	237	241	269	164	168	165	197	154	156	280	316
OtsAC16NSNT_1533	234	250	161	185	222	244	205	221	190	230	220	220	205	263	233	237	134	138	177	193	138	154	320	336
OtsAC16NSNT_1539	234	258	119	137	250	266	205	227	186	230	218	228	205	233	181	225	152	164	165	189	154	154	272	308
OtsAC16NSNT_1540	242	242	135	181	248	278	237	237	202	222	222	228	229	275	217	233	134	164	197	197	138	138	272	340
OtsAC16NSNT_1541	242	254	137	181	240	250	199	203	182	230	220	228	193	229	233	241	138	152	165	177	138	154	348	352
OtsAC16NSNT_1542	242	270	177	177	248	254	201	233	222	312	206	228	205	237	181	269	134	142	165	193	138	162	188	188
OtsAC16NSNT_1543	200	258	157	165	234	256	201	227	218	234	216	220	225	273	177	213	142	172	177	177	162	164	188	308
OtsAC16NSNT_1544	270	286	191	191	242	254	229	237	230	230	220	228	205	221	273	277	152	164	177	177	138	162	328	394
OtsAC16NSNT_1547	234	242	161	257	278	278	233	233	170	222	206	220	197	237	177	233	138	156	177	193	138	138	276	320
OtsAC16NSNT_1548	282	282	181	187	250	266	199	233	222	230	222	228	221	237	173	261	156	176	177	213	154	160	328	352
OtsAC16NSNT_1549	254	258	177	189	214	246	201	233	230	234	216	220	205	287	181	261	142	164	177	177	154	154	304	356
OtsAC16NSNT_1551	262	262	135	177	244	262	199	237	190	222	220	220	205	205	257	269	146	180	177	193	154	154	272	352
OtsAC16NSNT_1554	242	278	193	253	206	266	193	203	222	234	206	206	233	245	205	213	164	164	177	213	134	154	188	348
OtsAC16NSNT_1556	238	242	165	189	206	230	199	207	222	222	206	212	233	233	233	281	138	146	177	189	138	154	316	356
OtsAC16NSNT_1557	242	262	135	245	230	250	201	227	186	218	228	228	197	229	257	273	152	172	177	189	134	154	288	336
OtsAC16NSNT_1558	250	258	161	161	222	270	199	205	194	234	206	206	275	283	237	261	134	184	165	197	134	156	280	316
OtsAC16NSNT_1559	250	258	115	181	250	266	227	237	218	230	220	236	273	283	261	261	146	164	165	177	154	154	328	352
OtsAC16NSNT_1560	218	310	201	219	254	270	193	237	170	190	222	236	233	237	205	237	138	142	177	177	134	138	344	352
OtsAC16NSNT_1563	238	294	115	161	234	288	201	219	194	222	206	220	197	213	241	257	142	164	177	193	138	154	324	344
OtsAC16NSNT_1564	238	238	119	207	240	244	193	237	198	218	206	222	205	233	217	233	134	160	177	177	154	162	184	348
OtsAC16NSNT_1565	242	258	137	219	254	266	201	205	198	234	220	220	237	283	237	237	138	152	193	193	138	154	340	414
OtsAC16NSNT_1568	238	286	161	185	206	230	233	233	186	222	206	220	193	205	189	257	146	164	193	193	154	154	320	336
OtsAC16NSNT_1569	234	242	193	227	222	274	199	201	202	202	222	228	205	233	217	241	134	138	189	193	134	154	328	402
OtsAC16NSNT_1570	234	258	115	137	210	258	201	233	194	230	220	222	205	229	237	237	138	168	177	193	138	162	272	316
OtsAC16NSNT_1573	254	262	227	235	172	206	199	237	222	226	218	222	193	205	229	229	134	152	189	193	138	154	308	406
OtsAC16NSNT_1580	258	278	115	115	244	274	203	233	186	222	220	228	221	237	273	277	152	184	177	193	138	160	300	352
OtsAC16NSNT_1581	246	278	137	203	206	266	201	201	182	202	220	228	213	287	181	225	156	164	165	165	138	154	324	332
OtsAC16NSNT_1584	242	270	177	189	214	250	227	237	222	230	206	222	205	229	217	241	152	168	177	177	138	138	188	188
OtsAC16NSNT_1585	242	270	161	187	242	244	201	227	202	234	206	228	205	233	249	277	160	164	177	177	134	158	320	340
OtsAC16NSNT_1587	242	246	165	187	234	250	199	237	218	234	228	236	225	229	205	241	142	168	177	193	138	160	316	426
OtsAC16NSNT_1590	246	254	185	191	222	230	205	221	234	234	206	220	221	229	233	245	142	160	177	189	138	160	340	394
OtsAC16NSNT_1591	258	270	115	201	256	266	201	201	170	182	212	228	205	237	249	273	164	184	177	193	138	154	184	256
OtsAC16NSNT_1597	234	242	137	197	242	250	233	237	194	230	220	220	189	213	241	257	138	156	177	189	138	154	320	352
OtsAC16NSNT_1598	274	278	161	181	210	278	199	201	190	230	206	220	189	205	225	261	168	168	177	189	138	154	272	308
OtsAC16NSNT_1599	254	278	161	197	206	288	201	221	186	214	220	220	205	213	233	237	134	138	177	193	138	160	332	344
OtsAC16NSNT_1601	258	262	135	181	246	250	203	227	222	230	220	222	205	233	177	237	146	212	165	177	138	154	264	316
OtsAC16NSNT_1602	238	258	161	237	206	266	201	233	170	218	206	236	233	283	229	261	134	160	177	193	138	138	340	344
OtsAC16NSNT_1603	242	258	115	161	206	262	199	219	222	230	220	220	213	233	217	233	142	142	177	177	134	166	304	352
OtsAC16NSNT_1606	218	234	161	181	222	234	199	199	214	218	222	228	225	279	205	257	142	168	177	193	160	160	296	316
OtsAC16NSNT_1608	258	278	161	191	244	266	201	201	166	222	212	228	205	233	237	289	156	184	177	193	134	138	406	406
OtsAC16NSNT_1609	242	270	137	253	222	242	201	205	202	230	236	236	193	237	225	237	138	152	161	177	138	138	188	304
OtsAC16NSNT_1618	258	270	161	177	222	250	205	237	222	238	220	224	229	245	237	237	146	152	177	213	138	160	236	316
OtsAC16NSNT_1623	242	270	159	253	172	242	237	237	186	186	206	206	229	233	233	245	164	164	177	193	156	166	240	344
OtsAC16NSNT_1630	234	238	203	235	230	246	201	237	234	234	218	220	205	237	229	237	134	172	165	193	134	160	406	406
OtsAC16NSNT_1631	200	218	115	161	244	270	205	237	198	198	220	220	205	233	233	241	138	164	177	193	154	154	328	344
OtsAC16NSNT_1633	250	278	189	205	250	266	193	237	222	234	220	228	205	209	225	241	134	142	177	193	134	138	256	431
OtsAC16NSNT_1634	242	270	161	201	240	258	199	237	202	226	206	212	233	275	217	233	138	138	165	177	154	158	288	344
OtsAC16NSNT_1639	242	278	115	201	254	282	199	201	190	202	220	228	193	273	229	273	134	156	165	177	134	138	288	312
OtsAC16NSNT_1641	234	286	119	197	262	266	219	233	230	238	206	236	233	233	249	277	152	164	177	177	134	154	272	360
OtsAC16NSNT_1643	258	270	161	193	230	250	201	203	194	218	206	222	233	275	205	229	142	168	165	165	138	154	320	332
OtsAC16NSNT_1644	238	238	137	219	266	266	201	201	230	234	222	226	213	229	273	277	142	146	177	177	134	154	188	188
OtsAC16NSNT_1646	242	282	161	231	250	266	201	233	190	214	222	228	233	237	205	229	134	172	177	189	138	160	316	320
OtsAC16NSNT_1647	200	262	135	253	256	270	205	237	234	238	212	220	225	233	229	245	164	168	197	197	154	154	320	356
OtsAC16NSNT_1651	242	266	161	181	172	274	199	199	174	222	222	228	197	237	233	273	168	184	177	193	154	154	332	344
OtsAC16NSNT_1654	242	258	159	193	242	250	201	205	190	218	220	220	193	233	237	257	138	168	177	193	154	154	236	414
OtsAC16NSNT_1660	242	258	119	177	242	266	199	199	174	230	220	222	225	295	269	273	168	180	165	177	138	138	316	316
OtsAC16NSNT_1665	242	294	165	169	244	266	193	203	218	230	220	220	213	233	237	241	142	172	177	213	138	138	288	320
OtsAC16NSNT_1666	242	294	115	161	246	250	199	237	198	230	228	236	233	237	245	261	142	164	177	217	138	160	316	352
OtsAC16NSNT_1669	200	278	161	237	266	266	199	233	222	234	220	222	193	205	241	245	134	142	165	177	138	160	344	360
OtsAC16NSNT_1673	200	282	161	233	244	254	201	237	198	226	222	236	197	233	265	281	138	164	177	189	138	138	316	336
OtsAC16NSNT_1675	238	258	161	195	282	282	199	227	222	222	212	220	221	237	237	265	138	168	165	177	134	156	308	328
OtsAC16NSNT_1676	234	246	177	189	218	222	201	237	198	230	220	228	205	233	177	229	138	168	197	217	154	160	184	348
OtsAC16NSNT_1677	254	258	157	187	206	274	199	199	218	222	212	228	197	205	225	261	152	184	165	197	138	154	288	418
OtsAC16NSNT_1681	218	242	177	201	250	266	221	237	170	202	222	236	201	299	181	233	164	184	189	193	138	138	352	402
OtsAC16NSNT_1684	242	278	137	191	230	242	193	201	182	222	228	228	205	229	221	229	138	160	165	193	138	154	316	348
OtsAC16NSNT_1685	238	270	159	161	214	266	201	201	222	222	228	236	233	237	205	249	142	164	177	217	138	154	316	316
OtsAC16NSNT_1692	258	266	137	165	266	266	193	227	194	230	228	228	213	229	225	261	142	164	177	193	156	160	340	352
OtsAC16NSNT_1693	238	274	115	193	256	270	199	199	166	218	220	228	205	205	237	281	138	164	165	217	154	154	328	352
OtsAC16NSNT_1694	270	274	137	189	206	242	193	199	186	190	210	214	189	205	205	237	138	146	177	177	134	138	280	348
OtsAC16NSNT_1697	274	286	115	137	266	292	199	205	186	226	220	228	205	221	225	273	138	142	189	193	138	154	308	340
OtsAC16NSNT_1699	242	278	157	245	230	262	199	221	222	226	220	236	229	273	229	273	142	152	189	197	138	138	284	336
OtsAC16NSNT_1022	242	242	181	191	250	266	207	233	182	190	206	222	205	217	181	273	146	152	189	213	134	154	188	284
OtsAC16NSNT_1260	234	286	115	253	222	250	199	233	198	230	220	220	205	275	249	249	152	164	177	189	134	138	284	352
OtsAC16NSNT_1407	242	262	137	189	244	266	205	205	230	230	220	220	209	221	229	229	142	146	177	177	138	156	188	324
OtsAC16NSNT_1525	262	282	115	137	222	246	193	201	222	234	206	222	233	237	237	257	134	172	165	177	138	154	236	336
OtsAC16NSNT_1662	258	270	115	165	206	262	201	233	190	238	218	220	221	229	217	225	138	146	189	189	134	160	236	380
OtsAC16NSNT_1001	242	262	201	203	250	262	219	233	198	230	222	228	229	233	241	297	134	168	165	193	138	160	336	344
OtsAC16NSNT_1002	200	278	119	219	218	218	199	201	226	226	220	228	205	229	229	265	134	146	177	177	138	154	312	356
OtsAC16NSNT_1006	0	0	0	0	240	250	0	0	206	230	220	222	221	229	205	241	142	142	177	197	138	154	296	336
OtsAC16NSNT_1007	270	278	191	221	222	262	201	201	166	198	212	236	229	237	249	285	160	168	177	177	138	154	336	368
OtsAC16NSNT_1008	274	282	189	231	222	288	201	233	182	186	214	220	205	205	213	229	138	168	193	197	138	138	316	348
OtsAC16NSNT_1011	242	274	173	181	242	282	199	233	178	230	220	236	205	205	233	285	152	200	177	213	138	154	284	328
OtsAC16NSNT_1013	246	270	161	245	242	250	199	201	190	226	206	236	205	237	229	229	134	152	189	189	138	138	312	316
OtsAC16NSNT_1017	242	246	181	235	230	266	193	237	182	222	220	236	205	221	205	205	142	160	177	197	138	154	184	252
OtsAC16NSNT_1019	234	242	183	189	250	282	193	227	190	234	228	228	233	291	225	281	152	172	177	193	154	154	352	406
OtsAC16NSNT_1021	238	262	115	161	206	270	199	227	198	226	212	220	193	237	217	261	164	164	177	193	138	162	312	316
OtsAC16NSNT_1023	242	262	137	185	246	266	203	237	170	190	220	220	197	237	229	233	160	168	177	193	138	166	312	356
OtsAC16NSNT_1025	258	270	137	177	262	266	207	227	202	230	206	238	233	233	273	277	142	172	177	193	138	158	332	356
OtsAC16NSNT_1027	242	290	115	227	248	274	199	221	198	234	222	228	205	233	205	261	142	160	177	193	154	160	344	352
OtsAC16NSNT_1028	226	270	119	213	222	238	199	227	202	234	220	222	205	233	229	237	146	168	177	177	152	154	288	344
OtsAC16NSNT_1029	218	270	189	191	222	266	197	199	194	222	222	236	197	299	181	269	152	164	165	189	138	160	292	312
OtsAC16NSNT_1030	266	266	181	227	234	252	233	233	190	222	220	236	205	283	257	257	142	164	165	197	138	156	308	332
OtsAC16NSNT_1034	242	250	137	195	246	266	211	227	218	230	222	222	189	221	233	257	152	164	177	217	138	154	336	340
OtsAC16NSNT_1036	200	234	115	191	250	250	199	199	198	202	222	228	233	273	229	237	142	146	193	193	138	160	308	348
OtsAC16NSNT_1037	266	270	203	245	226	262	201	205	170	190	220	220	213	295	261	277	146	176	193	197	138	154	316	406
OtsAC16NSNT_1038	242	270	119	189	250	258	237	237	218	230	212	222	205	205	221	237	138	160	177	189	134	138	188	336
OtsAC16NSNT_1042	242	270	135	177	234	250	201	227	194	202	222	222	229	233	229	229	172	180	177	189	134	160	380	406
OtsAC16NSNT_1044	254	262	119	193	246	250	201	201	222	230	228	236	205	229	209	249	134	134	189	193	138	138	252	348
OtsAC16NSNT_1045	242	262	115	181	244	252	201	227	170	186	220	222	221	229	181	185	142	164	177	189	138	154	292	308
OtsAC16NSNT_1050	234	278	119	219	240	282	183	227	230	234	206	222	205	237	225	257	138	156	177	193	154	160	296	324
OtsAC16NSNT_1052	270	278	189	235	234	258	201	237	202	234	212	212	229	273	217	229	138	152	177	189	138	154	336	406
OtsAC16NSNT_1055	242	274	115	161	246	250	197	237	194	230	222	228	229	283	213	233	160	160	177	177	154	154	332	336
OtsAC16NSNT_1056	258	282	197	245	214	234	193	237	214	222	222	222	229	237	173	181	160	160	177	193	138	154	280	332
OtsAC16NSNT_1058	266	282	181	227	258	274	199	237	230	230	228	236	197	205	177	229	142	164	193	193	134	154	340	352
OtsAC16NSNT_1060	242	258	169	181	226	270	201	233	162	230	206	238	213	229	181	181	164	168	193	193	134	134	320	344
OtsAC16NSNT_1061	258	286	155	207	244	266	201	203	186	222	226	228	233	233	241	261	138	142	165	177	138	152	280	316
OtsAC16NSNT_1062	242	282	137	201	270	278	201	201	190	222	222	222	225	237	181	229	142	152	177	189	138	154	316	352
OtsAC16NSNT_1065	242	282	165	189	244	270	193	237	186	230	206	222	233	283	209	253	142	168	165	189	134	154	292	348
OtsAC16NSNT_1066	234	242	135	185	222	254	201	233	214	230	220	228	233	287	233	237	138	168	165	193	138	154	336	336
OtsAC16NSNT_1068	226	242	219	227	206	222	201	233	186	222	212	220	205	233	229	229	152	152	177	193	154	164	244	312
OtsAC16NSNT_1069	218	246	135	189	242	248	201	201	186	202	220	220	229	237	209	265	142	168	173	177	138	138	240	320
OtsAC16NSNT_1070	270	270	115	197	234	248	199	237	198	230	220	222	233	233	213	233	134	160	189	189	138	154	288	352
OtsAC16NSNT_1132	258	286	161	177	230	246	221	227	198	230	220	228	225	229	217	237	142	168	161	177	138	156	312	336
OtsAC16NSNT_1133	242	258	135	191	230	266	227	233	182	230	206	218	197	225	181	201	138	164	165	217	138	138	308	316
OtsAC16NSNT_1134	234	238	115	191	234	244	201	237	178	226	220	222	205	221	217	237	156	156	177	193	138	154	284	320
OtsAC16NSNT_1137	234	290	177	189	222	266	199	199	190	238	222	228	205	209	205	269	138	156	177	193	134	138	308	398
OtsAC16NSNT_1138	258	270	193	219	236	248	201	203	190	218	206	220	189	213	221	253	172	176	177	193	138	156	252	348
OtsAC16NSNT_1139	238	278	137	223	244	248	201	201	186	214	206	228	197	205	177	277	164	204	193	193	138	160	280	292
OtsAC16NSNT_1141	218	270	161	189	222	258	193	201	230	234	206	220	197	237	249	269	152	164	189	213	138	154	252	352
OtsAC16NSNT_1142	278	278	119	177	256	266	199	237	194	230	222	236	193	205	181	237	152	160	177	193	138	166	244	352
OtsAC16NSNT_1144	242	282	133	227	260	266	201	227	230	230	220	222	193	275	237	237	138	164	177	193	138	156	252	320
OtsAC16NSNT_1145	238	242	165	237	222	270	193	233	202	222	214	222	205	213	237	241	168	172	177	189	134	158	312	340
OtsAC16NSNT_1146	258	270	115	177	250	274	199	237	222	234	218	220	209	233	181	225	184	212	161	177	134	158	304	340
OtsAC16NSNT_1147	270	282	115	215	214	244	193	205	222	234	220	236	229	233	233	253	134	184	185	189	134	138	320	336
OtsAC16NSNT_1148	254	270	161	181	246	254	201	233	186	198	228	236	205	209	229	257	142	160	165	165	138	160	316	344
OtsAC16NSNT_1149	242	258	181	231	244	246	201	201	186	234	220	220	221	229	229	229	142	168	177	177	138	154	188	236
OtsAC16NSNT_1151	250	278	189	203	250	266	193	237	222	234	220	228	193	275	225	281	134	142	189	213	134	138	184	308
OtsAC16NSNT_1152	242	250	137	137	240	262	199	199	190	194	222	228	209	237	177	209	146	152	189	197	138	154	328	328
OtsAC16NSNT_1153	238	262	201	235	222	262	233	237	202	234	222	228	205	237	209	273	146	164	189	189	134	154	340	356
OtsAC16NSNT_1154	246	254	115	193	250	266	199	227	230	230	222	236	201	237	177	237	134	142	165	197	138	166	312	316
OtsAC16NSNT_1156	218	290	189	191	242	254	199	199	230	234	220	236	197	225	221	237	138	142	177	193	134	160	332	426
OtsAC16NSNT_1157	200	242	191	241	250	254	233	233	198	230	220	220	205	213	237	269	134	134	177	193	138	160	188	392
OtsAC16NSNT_1158	242	254	189	239	246	266	199	233	206	234	216	220	205	229	181	273	142	164	177	193	154	160	280	336
OtsAC16NSNT_1160	242	278	227	227	240	266	201	237	198	230	212	220	197	229	237	249	160	172	193	193	154	156	324	340
OtsAC16NSNT_1161	200	242	227	235	242	248	201	201	218	226	222	228	233	237	217	225	152	184	165	165	158	160	252	410
OtsAC16NSNT_1163	242	258	135	227	254	288	227	237	190	230	222	222	205	273	233	249	146	164	177	193	138	160	324	410
OtsAC16NSNT_1164	238	270	161	181	266	274	201	237	186	230	220	228	229	275	221	249	142	152	177	193	138	158	188	360
OtsAC16NSNT_1165	200	294	191	237	234	250	199	237	198	222	216	222	209	233	277	281	146	164	177	177	138	162	296	356
OtsAC16NSNT_1166	218	254	169	235	206	274	199	233	226	230	220	220	237	299	245	257	152	168	189	193	138	166	280	308
OtsAC16NSNT_1167	278	278	137	155	244	258	207	227	170	252	206	214	193	229	237	237	138	168	165	177	134	160	258	300
OtsAC16NSNT_1169	242	266	161	227	246	252	199	227	190	222	220	228	213	237	233	237	164	184	193	197	138	154	300	316
OtsAC16NSNT_1173	234	290	177	227	218	250	227	233	198	238	222	222	205	279	237	277	156	160	177	193	138	154	188	276
OtsAC16NSNT_1176	242	246	189	219	238	240	193	199	186	230	220	228	209	213	225	241	142	164	177	193	138	154	276	316
OtsAC16NSNT_1177	250	278	231	253	234	262	199	237	210	222	220	228	197	225	233	261	134	164	177	177	134	156	312	340
OtsAC16NSNT_1178	250	258	161	247	246	270	193	199	194	234	206	206	205	283	261	269	134	184	165	197	154	156	316	352
OtsAC16NSNT_1179	234	242	137	197	240	250	233	237	190	226	220	222	213	213	177	261	152	156	189	189	138	154	236	320
OtsAC16NSNT_1180	270	270	181	227	254	274	233	237	178	218	206	222	229	233	213	225	138	152	177	193	138	154	252	280
OtsAC16NSNT_1184	270	270	191	241	244	248	193	233	218	222	214	220	205	233	233	269	134	160	165	193	154	160	312	340
OtsAC16NSNT_1188	270	270	119	153	240	266	205	219	202	214	220	228	221	229	177	241	142	152	177	193	138	160	328	344
OtsAC16NSNT_1189	242	242	195	235	242	266	193	227	190	202	206	222	189	205	229	233	164	184	177	177	134	160	312	316
OtsAC16NSNT_1190	200	242	119	227	266	282	199	201	186	218	206	228	205	233	249	277	146	152	193	217	134	154	328	394
OtsAC16NSNT_1193	258	270	181	227	234	266	203	237	202	230	220	236	229	233	229	257	134	152	177	193	134	138	316	356
OtsAC16NSNT_1194	242	270	137	137	266	270	227	233	198	234	220	222	209	237	237	261	164	176	177	189	158	160	328	344
OtsAC16NSNT_1195	242	258	161	181	252	254	199	201	234	234	220	222	193	233	177	257	146	152	177	197	134	156	328	352
OtsAC16NSNT_1198	238	266	203	269	214	214	233	241	214	230	222	228	209	283	177	213	168	180	177	221	134	154	308	392
OtsAC16NSNT_1199	242	258	219	227	250	250	201	237	198	234	220	220	233	275	209	229	138	168	177	193	154	156	252	348
OtsAC16NSNT_1200	242	262	195	199	214	262	199	203	230	234	206	220	193	233	241	249	134	142	177	193	138	138	316	356
OtsAC16NSNT_1201	242	270	137	181	236	266	227	233	222	222	220	222	209	237	261	273	164	168	177	189	134	160	188	316
OtsAC16NSNT_1202	242	242	169	193	256	266	193	237	198	202	212	220	205	205	181	225	138	156	177	197	154	154	0	0
OtsAC16NSNT_1204	238	266	161	233	248	250	199	233	222	222	228	236	197	221	241	261	160	164	177	193	154	156	276	316
OtsAC16NSNT_1205	258	286	155	253	218	266	199	227	186	198	220	228	197	225	237	277	142	146	193	193	138	160	272	300
OtsAC16NSNT_1208	242	270	137	227	244	278	193	221	218	222	222	228	205	221	233	289	142	152	165	193	138	154	244	316
OtsAC16NSNT_1214	270	274	185	235	206	242	193	233	190	218	206	210	205	233	205	237	138	142	165	177	134	138	308	380
OtsAC16NSNT_1215	234	242	193	227	222	274	199	199	202	202	218	222	221	233	185	217	152	164	177	193	154	154	328	402
OtsAC16NSNT_1216	262	282	181	195	234	282	199	201	198	226	212	220	221	225	213	237	152	164	177	189	134	154	352	356
OtsAC16NSNT_1218	238	254	191	219	242	244	199	233	222	238	218	222	225	237	225	285	134	142	177	177	134	138	188	236
OtsAC16NSNT_1220	200	270	115	137	242	266	193	199	190	194	206	220	237	291	249	253	138	184	165	193	154	154	312	380
OtsAC16NSNT_1223	254	266	161	191	266	266	193	199	202	230	220	228	279	283	261	261	164	168	193	193	138	152	328	348
OtsAC16NSNT_1227	234	274	181	235	230	254	201	203	182	190	228	228	213	233	229	233	146	172	177	177	138	160	336	352
OtsAC16NSNT_1228	242	250	161	247	222	270	193	201	198	234	218	220	205	283	237	261	134	184	189	197	154	156	280	292
OtsAC16NSNT_1229	258	270	177	193	244	266	193	199	198	230	206	220	193	237	181	245	152	164	177	189	138	154	308	316
OtsAC16NSNT_1231	246	286	161	193	254	286	199	207	222	230	220	222	201	221	241	261	134	142	177	189	134	154	280	316
OtsAC16NSNT_1233	234	238	141	193	258	266	199	201	166	186	220	236	205	237	181	273	134	168	161	165	134	138	316	332
OtsAC16NSNT_1234	242	274	135	219	234	246	219	233	182	214	222	228	205	275	229	233	168	172	165	177	138	160	312	352
OtsAC16NSNT_1235	258	266	115	203	222	266	199	227	218	222	220	236	221	237	229	261	164	184	177	217	138	138	264	316
OtsAC16NSNT_1236	258	278	161	161	242	288	207	237	170	222	206	220	205	233	237	249	134	142	189	193	154	160	184	252
OtsAC16NSNT_1238	266	270	119	191	258	266	201	205	218	230	220	236	229	229	233	253	142	164	165	177	154	154	184	348
OtsAC16NSNT_1239	258	262	135	195	222	250	201	201	210	222	218	222	225	287	249	261	168	172	177	177	154	162	332	376
OtsAC16NSNT_1243	242	282	177	235	222	236	201	233	190	234	220	222	205	275	233	249	142	164	177	189	138	154	244	284
OtsAC16NSNT_1244a	242	250	177	181	266	278	199	233	198	222	206	220	205	233	209	241	146	184	177	193	134	138	324	336
OtsAC16NSNT_1248	238	270	161	161	234	244	221	227	226	230	220	236	205	233	237	257	152	164	189	193	154	158	352	356
OtsAC16NSNT_1249	286	290	115	135	262	266	199	219	222	226	220	228	189	221	177	229	138	146	177	193	134	134	316	332
OtsAC16NSNT_1252	242	278	191	233	240	250	199	199	226	230	206	228	197	213	245	265	164	172	177	189	138	154	308	316
OtsAC16NSNT_1253	234	242	115	233	248	254	199	201	194	234	220	228	213	229	177	253	138	160	165	177	154	156	244	336
OtsAC16NSNT_1255	210	290	115	217	172	246	187	207	222	234	220	228	217	225	229	297	142	168	165	177	134	138	316	348
OtsAC16NSNT_1256	258	278	137	181	172	240	199	237	222	226	220	220	237	295	257	317	164	212	177	189	154	154	308	320
OtsAC16NSNT_1259	258	278	177	207	262	270	201	205	190	222	228	236	193	205	237	237	156	168	177	177	154	160	268	406
OtsAC16NSNT_1261	242	242	165	189	244	250	193	201	186	194	206	222	205	237	253	269	168	168	165	165	134	154	316	348
OtsAC16NSNT_1265	270	274	181	191	172	270	203	227	190	230	220	222	205	237	181	221	142	142	177	189	134	154	312	344
OtsAC16NSNT_1382	242	290	203	231	250	262	199	199	186	222	222	228	205	283	241	253	142	164	189	217	138	154	272	320
OtsAC16NSNT_1383	242	250	137	187	240	262	199	199	190	226	220	228	213	221	177	257	138	138	189	193	154	154	320	328
OtsAC16NSNT_1384	258	262	161	181	244	266	221	237	194	202	220	220	205	229	229	237	138	168	177	177	154	154	244	316
OtsAC16NSNT_1385	200	278	197	233	206	288	201	221	170	194	220	220	193	225	225	237	134	164	177	193	138	160	280	332
OtsAC16NSNT_1387	238	258	191	247	222	282	193	201	194	198	206	220	205	283	261	269	168	184	189	197	154	156	280	316
OtsAC16NSNT_1388	242	262	137	235	172	266	205	237	230	234	220	228	209	233	221	225	134	152	177	193	138	138	188	308
OtsAC16NSNT_1390	246	274	115	181	214	250	197	199	198	218	220	228	205	213	185	245	142	146	165	193	154	156	300	406
OtsAC16NSNT_1392	242	246	115	153	246	266	205	205	222	226	220	228	205	229	229	257	152	168	177	177	154	154	332	352
OtsAC16NSNT_1394	274	290	115	197	250	270	203	237	202	226	220	228	205	213	237	241	152	164	189	217	156	166	188	292
OtsAC16NSNT_1395	242	258	137	137	206	206	221	237	186	230	222	222	205	233	241	249	168	212	177	193	138	154	252	360
OtsAC16NSNT_1397	238	282	181	237	206	242	227	233	170	190	206	228	213	233	229	249	164	176	193	193	134	154	328	332
OtsAC16NSNT_1399	200	234	115	177	248	270	201	229	182	222	206	206	197	205	181	205	152	168	189	193	138	154	244	252
OtsAC16NSNT_1401	200	278	153	241	252	266	233	237	162	194	206	222	213	237	217	217	138	164	165	165	138	154	316	316
OtsAC16NSNT_1403	254	274	157	247	234	244	199	201	186	198	210	220	205	233	237	241	164	172	177	193	154	154	256	348
OtsAC16NSNT_1404	226	258	115	181	266	288	219	233	218	218	206	220	209	221	253	269	134	134	177	177	142	154	280	336
OtsAC16NSNT_1408	234	270	235	235	254	262	193	233	194	202	206	220	209	291	209	253	146	184	177	197	154	154	312	336
OtsAC16NSNT_1409	242	286	135	197	256	270	207	237	190	190	222	228	237	299	205	213	134	164	189	193	138	154	340	414
OtsAC16NSNT_1410	242	270	135	219	230	246	203	219	182	190	222	228	205	213	217	233	146	172	177	177	138	160	336	352
OtsAC16NSNT_1411	254	274	165	185	206	250	201	233	218	222	220	220	197	225	205	217	142	164	177	177	138	154	344	376
OtsAC16NSNT_1412	266	286	161	199	250	254	199	219	206	230	222	222	221	229	233	233	142	142	165	181	134	138	184	360
OtsAC16NSNT_1414	234	274	161	235	222	292	219	233	190	190	220	222	205	275	205	217	172	184	177	193	154	156	312	316
OtsAC16NSNT_1416	270	274	161	235	234	274	201	227	198	226	218	220	273	275	217	229	138	142	177	193	138	138	188	348
OtsAC16NSNT_1417	238	250	155	159	206	266	203	237	222	226	212	220	205	213	237	277	138	142	165	165	154	154	300	352
OtsAC16NSNT_1418	242	270	135	223	248	254	193	203	214	234	220	220	233	273	205	233	146	168	165	177	154	160	312	320
OtsAC16NSNT_1420	242	266	185	201	234	242	197	219	218	218	220	228	213	283	181	229	164	164	181	193	154	162	312	340
OtsAC16NSNT_1421	238	250	115	237	262	266	227	237	190	222	218	228	205	213	213	249	160	164	165	193	138	154	188	336
OtsAC16NSNT_1423	270	282	191	193	172	242	199	201	222	234	206	222	193	237	225	257	164	172	177	177	138	154	336	344
OtsAC16NSNT_1425	200	234	137	165	248	250	201	221	190	230	222	222	205	213	245	261	146	172	177	177	154	156	340	426
OtsAC16NSNT_1429	226	262	119	137	172	250	201	227	194	206	220	236	201	229	241	261	156	164	165	177	134	138	344	344
OtsAC16NSNT_1430	238	270	161	177	222	226	233	237	202	234	220	222	233	263	209	213	142	146	193	193	138	154	340	356
OtsAC16NSNT_1434	262	266	115	241	242	282	199	205	222	226	206	228	197	205	229	233	164	172	193	193	134	134	320	368
OtsAC16NSNT_1437	242	242	191	195	250	282	227	237	190	218	206	222	233	237	229	229	142	164	177	193	138	154	316	352
OtsAC16NSNT_1438	238	258	219	221	240	244	205	221	222	226	212	228	233	237	237	289	142	184	177	193	138	154	284	406
OtsAC16NSNT_1441	210	242	193	195	222	266	201	207	170	186	222	228	233	233	213	229	142	164	177	189	138	162	252	320
OtsAC16NSNT_1443	200	270	157	253	222	256	237	237	198	222	228	236	233	273	181	237	138	164	189	189	138	154	336	356
OtsAC16NSNT_1445	234	234	161	169	242	270	219	233	186	234	206	220	205	233	225	241	172	184	177	177	138	154	252	316
OtsAC16NSNT_1447	258	266	163	177	254	254	237	237	190	230	216	228	205	225	241	241	164	168	181	189	138	162	284	340
OtsAC16NSNT_1450	234	270	137	235	242	250	199	201	198	222	228	236	205	237	233	317	142	188	189	217	154	154	272	320
OtsAC16NSNT_1451	238	242	161	247	222	282	193	201	198	234	206	218	237	275	237	261	168	184	165	177	134	156	280	316
OtsAC16NSNT_1452	242	282	115	227	250	266	199	201	230	234	220	220	229	237	209	229	138	152	165	193	138	138	252	376
OtsAC16NSNT_1453	218	234	137	157	246	278	199	233	226	226	220	220	197	275	181	241	168	196	177	177	138	162	304	316
OtsAC16NSNT_1454	218	238	155	253	234	266	199	227	222	230	212	236	233	263	237	257	146	164	165	193	154	154	288	352
OtsAC16NSNT_1456	250	258	181	187	230	288	233	233	202	230	206	222	205	237	205	233	152	168	177	189	134	164	316	316
OtsAC16NSNT_1458	254	274	115	137	244	270	193	199	190	198	220	222	229	233	205	257	138	172	161	165	138	156	316	344
OtsAC16NSNT_1460	234	242	135	187	240	250	199	233	190	226	220	220	189	213	257	261	146	152	189	189	154	154	236	320
OtsAC16NSNT_1461	238	278	119	165	240	244	201	233	222	222	220	220	233	237	229	257	138	168	177	177	154	166	348	360
OtsAC16NSNT_1462	242	262	161	173	234	238	201	219	190	230	214	222	221	233	205	237	142	184	165	177	154	154	244	352
OtsAC16NSNT_1464	238	282	165	177	214	244	201	207	190	230	212	228	225	225	249	253	146	164	193	193	138	160	304	308
OtsAC16NSNT_1466	234	242	135	235	242	256	193	203	190	230	206	220	205	213	253	261	138	156	165	177	134	138	352	380
OtsAC16NSNT_1467	270	270	177	189	250	250	201	233	194	202	222	236	229	229	229	273	172	180	189	193	154	160	406	414
OtsAC16NSNT_1468	238	242	119	189	206	240	227	237	202	230	218	222	229	233	201	281	134	152	193	197	154	154	344	344
OtsAC16NSNT_1469	258	262	161	227	246	252	199	203	222	230	220	222	193	205	181	237	164	184	177	197	134	154	288	340
OtsAC16NSNT_1471	242	278	195	235	254	266	201	233	202	222	228	236	229	237	209	229	168	168	177	193	162	166	320	344
OtsAC16NSNT_1472	200	278	197	221	244	250	199	201	218	226	220	220	205	205	233	289	142	156	193	197	138	154	328	406
OtsAC16NSNT_1475	258	262	115	193	206	258	199	237	218	222	206	206	213	229	233	237	164	164	177	193	134	134	268	368
OtsAC16NSNT_1476	258	270	161	193	206	288	199	221	230	230	222	228	221	225	181	229	152	172	177	193	154	154	308	332
OtsAC16NSNT_1477	258	274	133	227	222	244	199	201	198	230	220	222	193	287	237	277	142	152	177	189	138	154	312	348
OtsAC16NSNT_1478	234	242	115	181	246	254	193	201	170	230	206	220	205	213	177	241	138	142	165	193	138	138	288	324
OtsAC16NSNT_1484	226	270	193	203	250	278	199	199	222	230	222	228	205	221	217	229	134	152	165	193	138	154	188	414
OtsAC16NSNT_1485	200	262	135	191	246	274	203	205	198	218	220	222	205	229	213	229	134	164	177	189	154	158	304	426
OtsAC16NSNT_1488	242	242	115	137	252	274	227	233	194	222	210	220	205	205	233	281	142	184	177	193	154	154	280	300
OtsAC16NSNT_1489	254	258	161	207	172	262	201	205	194	222	220	220	193	205	181	237	134	164	177	177	134	138	272	340
OtsAC16NSNT_1490	234	242	161	189	266	266	199	201	170	234	222	226	193	283	225	261	142	212	165	193	154	160	344	372
OtsAC16NSNT_1493	234	270	161	193	242	278	201	237	218	222	206	222	205	237	225	229	152	164	189	193	154	154	188	252
OtsAC16NSNT_1494	262	262	161	219	206	250	199	233	194	226	228	236	237	275	241	261	142	152	193	217	138	154	356	406
OtsAC16NSNT_1496	238	310	115	203	266	270	199	201	190	206	220	222	201	213	209	289	142	156	177	197	138	154	188	332
OtsAC16NSNT_1499	234	278	165	191	234	270	201	227	186	218	224	228	221	229	229	261	138	152	177	189	138	154	284	316
OtsAC16NSNT_1503	242	266	191	205	242	250	203	205	222	230	206	236	201	221	233	277	134	152	177	193	138	154	276	414
OtsAC16NSNT_1506	200	270	135	227	250	274	201	201	190	234	222	236	287	299	225	249	152	196	177	177	154	160	272	304
OtsAC16NSNT_1507	270	278	161	203	222	222	193	199	230	238	220	222	205	237	209	225	152	164	165	177	154	154	272	300
OtsAC16NSNT_1509	262	262	201	235	222	262	221	233	206	222	222	228	237	263	209	273	152	164	189	193	138	154	340	352
OtsAC16NSNT_1511	278	282	115	157	222	256	205	237	162	198	206	228	205	213	225	237	152	164	165	197	138	162	316	324
OtsAC16NSNT_1512	242	258	191	219	206	256	199	199	222	222	206	212	193	229	229	237	138	146	189	197	154	158	188	316
OtsAC16NSNT_1516	234	242	119	201	244	254	201	205	186	218	220	236	201	225	205	225	152	164	165	197	138	160	320	336
OtsAC16NSNT_1519	238	250	137	189	242	250	199	237	222	234	220	228	229	283	173	233	168	172	193	197	154	154	360	414
OtsAC16NSNT_1520	250	266	119	137	214	262	199	219	190	230	220	222	213	229	209	257	146	184	165	189	134	154	288	324
OtsAC16NSNT_1521	234	238	189	189	250	256	199	201	198	202	222	228	229	237	173	225	168	204	189	193	134	162	344	406
OtsAC16NSNT_1524	234	262	201	227	222	242	199	199	194	202	228	228	205	205	217	269	138	142	177	193	138	154	296	402
OtsAC16NSNT_1527	242	258	157	181	234	250	199	199	190	226	220	236	197	275	273	273	138	168	177	213	154	156	284	316
OtsAC16NSNT_1528	242	242	181	191	222	244	183	205	186	194	206	228	229	233	249	261	138	172	177	193	138	154	348	356
OtsAC16NSNT_1529	246	282	191	191	248	262	205	233	170	186	228	228	205	233	261	273	164	168	177	193	134	160	328	348
OtsAC16NSNT_1530	258	274	161	219	230	266	199	227	218	222	220	222	213	283	209	217	142	164	165	197	138	156	312	316
OtsAC16NSNT_1532	262	266	191	233	270	278	199	237	226	230	220	222	213	225	261	273	164	164	177	177	138	154	276	356
OtsAC16NSNT_1534	242	282	187	191	242	244	199	233	222	238	206	224	225	237	209	285	134	142	177	193	134	138	296	348
OtsAC16NSNT_1535	250	258	161	247	222	282	201	205	194	198	206	206	205	237	237	261	164	168	165	177	154	154	280	316
OtsAC16NSNT_1536	242	242	137	177	250	252	199	205	198	230	0	0	209	237	229	261	134	146	193	193	138	138	328	360
OtsAC16NSNT_1537	246	270	197	203	254	266	227	237	190	234	228	236	213	275	217	237	156	160	165	177	134	138	344	414
OtsAC16NSNT_1538	266	274	157	181	250	274	183	199	182	198	216	236	237	279	229	289	160	184	193	197	154	162	328	340
OtsAC16NSNT_1545	278	310	119	181	206	274	201	219	186	230	206	228	205	221	233	261	134	146	177	189	138	154	340	344
OtsAC16NSNT_1546	250	278	115	165	244	244	203	227	230	230	220	222	205	237	241	261	152	164	177	177	134	154	308	324
OtsAC16NSNT_1550	234	274	157	165	262	270	199	199	182	226	222	228	193	233	181	241	164	168	177	177	138	162	240	332
OtsAC16NSNT_1552	200	238	177	227	222	262	227	227	198	222	220	220	193	225	209	245	142	142	177	189	138	138	252	312
OtsAC16NSNT_1555	242	278	193	203	222	242	199	237	230	238	220	222	205	233	229	253	142	164	189	193	154	154	252	300
OtsAC16NSNT_1561	242	242	227	235	210	270	203	233	198	202	212	228	205	233	253	257	142	142	177	177	154	154	280	340
OtsAC16NSNT_1562	242	242	161	181	256	286	201	227	186	198	220	222	205	237	237	257	134	164	177	197	138	138	312	406
OtsAC16NSNT_1566	270	278	191	235	234	278	193	227	202	206	212	220	201	279	217	249	138	142	165	189	138	154	348	406
OtsAC16NSNT_1567	222	246	115	137	248	270	201	203	190	222	206	220	229	233	245	277	164	168	177	193	138	138	188	256
OtsAC16NSNT_1571	238	270	169	193	278	282	199	207	214	230	206	220	205	217	257	261	134	142	177	177	154	154	316	324
OtsAC16NSNT_1572	238	258	191	247	222	270	193	199	198	234	206	206	205	237	237	241	164	168	165	197	154	154	292	352
OtsAC16NSNT_1574	234	242	189	235	240	266	201	227	170	234	222	236	273	283	225	261	134	142	165	165	134	162	320	344
OtsAC16NSNT_1575	242	270	189	189	250	250	201	227	186	202	222	222	205	229	229	273	172	180	177	177	154	160	336	380
OtsAC16NSNT_1576	226	258	115	173	222	282	233	237	186	190	222	236	193	233	209	229	160	172	177	193	138	154	240	304
OtsAC16NSNT_1577	218	234	161	181	222	266	201	237	190	234	222	228	225	229	217	257	142	146	177	193	160	160	296	316
OtsAC16NSNT_1578	246	278	137	189	248	274	201	201	198	230	220	228	197	279	217	229	142	164	177	177	154	160	336	352
OtsAC16NSNT_1579	242	242	115	137	222	262	201	227	198	210	206	220	205	233	237	241	152	156	177	193	154	154	244	356
OtsAC16NSNT_1582	242	274	161	193	252	266	199	199	170	186	222	236	221	275	209	237	156	164	193	197	138	154	316	328
OtsAC16NSNT_1583	254	270	191	207	222	266	199	199	186	222	220	228	233	279	181	229	142	168	177	177	138	160	316	316
OtsAC16NSNT_1588	258	262	177	189	262	266	199	227	182	230	220	222	233	291	177	233	152	172	177	177	134	154	272	324
OtsAC16NSNT_1589	258	270	115	233	222	266	199	237	222	230	206	222	213	233	233	241	146	164	177	177	160	162	252	332
OtsAC16NSNT_1592	234	242	161	177	214	274	233	233	186	190	220	220	233	273	225	273	152	164	189	193	138	160	332	352
OtsAC16NSNT_1593	258	278	227	235	238	286	199	201	178	222	220	222	205	291	221	233	134	152	165	165	138	138	320	336
OtsAC16NSNT_1594	242	278	137	219	250	266	233	237	198	230	228	236	193	233	225	249	142	160	177	177	138	154	352	352
OtsAC16NSNT_1595	262	278	227	235	244	266	199	233	222	230	220	222	205	291	229	229	152	152	165	177	138	138	236	336
OtsAC16NSNT_1596	258	278	219	221	240	244	201	221	166	222	220	228	205	237	237	289	142	184	177	177	134	138	188	284
OtsAC16NSNT_1600	234	278	115	137	246	250	199	233	198	202	206	220	229	229	177	273	152	164	177	177	154	154	332	356
OtsAC16NSNT_1604	242	242	137	189	240	266	201	227	190	234	220	228	273	275	229	261	134	164	193	193	134	160	280	344
OtsAC16NSNT_1605	254	266	181	247	234	252	233	233	210	222	220	236	205	213	257	257	142	164	161	165	154	156	316	316
OtsAC16NSNT_1607	250	290	189	197	278	288	199	201	198	226	220	220	205	205	237	241	146	164	177	177	154	154	312	336
OtsAC16NSNT_1610	242	242	161	203	206	222	201	233	174	190	220	220	233	287	197	217	142	164	173	177	134	154	352	356
OtsAC16NSNT_1611	234	250	115	137	244	250	199	199	186	214	222	236	209	287	229	273	142	160	189	217	134	154	312	414
OtsAC16NSNT_1612	254	266	161	227	244	266	201	233	198	222	220	236	197	221	229	277	138	142	177	197	138	154	316	328
OtsAC16NSNT_1613	262	266	181	241	234	238	199	199	198	218	206	224	197	237	177	241	134	142	165	193	134	138	312	332
OtsAC16NSNT_1614	242	254	181	227	244	286	199	237	186	230	228	236	233	279	185	229	164	164	177	193	134	138	184	240
OtsAC16NSNT_1615	238	270	177	237	218	240	199	237	194	202	218	220	193	193	209	233	146	164	189	189	154	154	280	356
OtsAC16NSNT_1616	258	266	115	161	230	254	203	205	186	234	220	228	205	233	209	233	152	168	177	189	154	154	336	352
OtsAC16NSNT_1617	242	278	219	227	222	250	219	233	182	182	220	220	225	287	229	229	152	152	177	193	138	138	244	312
OtsAC16NSNT_1619	200	238	115	135	244	258	199	233	222	222	212	228	205	229	177	249	156	160	177	197	134	154	280	422
OtsAC16NSNT_1620	242	258	115	161	248	274	199	237	182	186	220	222	221	237	233	261	138	152	165	189	134	154	332	336
OtsAC16NSNT_1621	262	262	115	235	172	266	193	201	222	230	220	236	205	237	181	241	164	164	177	177	138	154	188	304
OtsAC16NSNT_1622	246	274	227	227	234	274	227	233	198	230	218	220	229	273	233	249	160	172	193	193	154	156	332	340
OtsAC16NSNT_1624	238	266	195	227	242	244	199	233	226	234	206	220	213	221	189	213	152	168	177	193	138	164	410	426
OtsAC16NSNT_1625	234	262	137	227	230	270	201	203	222	234	220	220	193	197	177	297	142	146	181	193	138	138	236	300
OtsAC16NSNT_1626	238	270	135	181	214	242	199	233	230	234	220	236	225	229	237	261	138	184	165	189	154	160	292	316
OtsAC16NSNT_1627	258	262	137	177	266	274	199	201	186	190	220	222	233	273	205	229	152	164	189	197	134	138	188	316
OtsAC16NSNT_1628	258	274	115	137	226	254	199	233	170	198	210	228	205	221	229	265	138	164	177	177	138	160	188	352
OtsAC16NSNT_1629	242	266	177	219	226	234	207	237	222	230	220	236	209	237	241	249	134	160	177	177	138	154	336	348
OtsAC16NSNT_1632	254	258	119	207	230	248	199	237	190	230	210	236	205	209	257	297	152	184	193	197	134	154	296	340
OtsAC16NSNT_1635	246	270	119	181	240	250	199	201	202	222	206	236	197	213	177	205	164	168	197	217	138	154	312	316
OtsAC16NSNT_1636	242	262	181	233	262	270	199	203	218	234	220	220	193	233	217	249	142	164	177	193	138	138	316	348
OtsAC16NSNT_1637	270	270	135	177	234	262	201	233	186	190	222	236	205	229	229	273	146	172	177	189	138	154	336	380
OtsAC16NSNT_1638	238	242	137	181	250	258	199	201	202	230	222	222	197	283	237	261	134	142	177	193	138	154	332	426
OtsAC16NSNT_1640	270	282	189	245	246	266	201	205	222	234	220	220	221	233	181	229	164	164	165	177	154	154	344	356
OtsAC16NSNT_1642	242	242	201	219	206	248	183	237	198	234	220	236	237	283	249	261	138	142	189	193	154	158	376	422
OtsAC16NSNT_1645	242	246	181	239	250	266	199	237	190	206	220	228	221	229	237	245	142	172	177	189	138	154	280	312
OtsAC16NSNT_1648	242	274	177	219	222	238	201	227	226	230	218	238	233	237	173	253	142	184	165	197	138	154	304	316
OtsAC16NSNT_1649	262	270	161	219	222	256	207	227	186	230	220	220	181	221	217	261	142	172	177	193	138	154	348	372
OtsAC16NSNT_1650	254	270	135	177	244	254	205	233	186	198	206	220	279	287	237	253	142	152	193	193	138	156	344	406
OtsAC16NSNT_1652	242	278	153	195	246	250	205	233	214	230	218	220	205	213	237	289	134	164	177	177	154	154	332	406
OtsAC16NSNT_1653	270	270	115	177	242	270	197	203	202	206	210	212	225	291	233	249	152	168	177	193	154	154	344	352
OtsAC16NSNT_1655	242	290	195	227	206	254	199	237	218	226	222	236	213	229	221	261	152	164	177	177	138	154	352	410
OtsAC16NSNT_1656	242	262	203	231	250	288	201	237	170	222	220	228	209	229	229	257	138	146	177	193	138	154	352	372
OtsAC16NSNT_1657	242	242	161	185	250	282	199	227	210	226	206	222	229	233	229	229	142	168	177	193	138	156	316	324
OtsAC16NSNT_1659	234	242	193	203	222	278	201	237	230	238	220	222	205	237	229	249	142	142	165	177	154	154	272	300
OtsAC16NSNT_1661	238	278	191	223	244	248	201	227	222	226	218	222	209	245	205	245	152	164	189	193	134	160	188	316
OtsAC16NSNT_1663	262	262	161	177	222	262	233	237	202	234	220	222	205	237	233	273	152	164	189	189	134	138	340	356
OtsAC16NSNT_1664	266	286	177	181	222	248	199	233	206	214	220	236	209	237	181	225	146	164	177	193	138	160	308	320
OtsAC16NSNT_1667	234	270	161	203	242	278	201	237	218	238	206	222	205	233	209	225	142	152	165	189	154	154	252	300
OtsAC16NSNT_1668	266	278	115	193	234	250	205	219	198	230	222	228	221	233	229	249	142	146	177	177	138	154	188	308
OtsAC16NSNT_1670	242	258	177	181	266	278	199	227	222	230	222	228	221	237	181	261	152	164	177	189	138	154	308	316
OtsAC16NSNT_1671	200	254	181	227	218	234	227	227	190	218	220	236	205	283	241	257	138	168	161	165	134	138	316	316
OtsAC16NSNT_1672	238	282	191	205	250	254	199	199	178	222	216	228	221	237	181	205	152	164	189	193	138	154	296	308
OtsAC16NSNT_1674	270	290	161	177	244	250	227	227	222	234	220	238	193	283	225	241	152	164	177	177	138	154	356	380
OtsAC16NSNT_1678	238	270	189	193	266	270	201	237	230	230	206	220	193	233	177	237	164	172	161	177	134	138	320	426
OtsAC16NSNT_1679	218	242	115	181	262	270	201	227	198	214	212	220	205	233	229	277	138	156	177	193	134	160	340	356
OtsAC16NSNT_1680	254	270	231	237	218	248	201	221	202	222	220	222	193	233	233	257	168	172	161	193	154	156	188	340
OtsAC16NSNT_1682	258	282	181	197	182	270	201	237	182	230	212	236	225	283	217	297	134	228	165	193	134	138	340	352
OtsAC16NSNT_1683	242	270	155	199	246	254	199	233	170	226	206	218	181	225	229	249	152	156	177	181	138	154	240	280
OtsAC16NSNT_1686	232	242	157	193	178	214	201	219	190	252	222	224	193	275	249	265	134	168	165	165	138	138	300	344
OtsAC16NSNT_1687	242	282	137	249	254	258	193	201	230	234	228	236	197	233	177	297	142	142	193	197	134	160	320	340
OtsAC16NSNT_1688	246	258	137	189	182	250	193	199	198	222	220	228	205	299	237	237	164	200	165	217	152	160	296	344
OtsAC16NSNT_1689	290	290	115	137	230	230	193	237	194	226	220	222	237	237	205	237	142	172	189	193	138	154	236	332
OtsAC16NSNT_1690	238	242	137	223	230	244	201	205	186	214	206	206	197	205	229	277	164	204	193	197	138	138	188	320
OtsAC16NSNT_1691	192	238	115	161	238	270	199	201	198	226	212	220	205	273	217	277	164	168	193	197	138	162	312	316
OtsAC16NSNT_1695	242	290	191	245	236	282	237	237	186	222	224	236	233	233	229	273	146	160	177	177	134	160	236	410
OtsAC16NSNT_1696	234	270	181	219	244	246	203	233	186	190	220	228	205	237	233	249	168	168	165	177	154	160	244	336
OtsAC16NSNT_1698	234	282	161	191	198	288	221	237	222	226	220	222	229	279	197	241	156	160	177	193	154	162	276	316
OtsAC16NSNT_1700	242	254	235	241	250	266	199	237	190	226	220	228	193	229	229	257	152	152	189	193	138	154	320	360
OtsAC16NSNT_1701	238	282	161	249	250	270	199	237	190	230	228	236	237	283	245	297	142	164	177	193	138	138	252	352
OtsAC16NSNT_1702	200	290	185	199	242	254	207	237	198	230	222	236	197	229	233	257	146	164	177	189	138	160	340	340
OtsAC16NSNT_1703	246	262	115	169	226	266	193	201	230	230	222	228	205	213	177	217	142	184	165	177	138	154	320	402
OtsAC16NSNT_1704	234	266	193	203	242	286	201	205	222	234	222	228	229	233	177	205	138	152	165	189	138	154	312	324
OtsAC16NSNT_1705	270	278	213	251	244	258	187	193	170	218	220	222	213	225	205	241	142	156	177	177	152	160	280	332
OtsAC16NSNT_1014	200	242	137	169	270	274	201	233	162	186	206	238	229	229	181	181	164	168	193	197	134	138	344	414
OtsAC16NSNT_1246	258	258	135	191	242	244	199	205	230	312	210	214	229	275	245	277	152	200	177	189	154	154	332	336
OtsAC16NSNT_1413	266	278	157	187	226	250	199	237	226	234	206	220	193	229	229	233	138	152	165	177	134	138	188	316
OtsAC16NSNT_1553	242	278	115	157	250	250	199	201	198	226	206	206	193	229	225	265	138	152	193	193	138	154	272	376
OtsAC16NSNT_1658	218	238	191	193	252	262	201	207	190	202	206	220	213	225	177	269	146	176	177	177	134	154	340	398
OtsCC16NSNT_2017	242	278	201	207	234	250	201	207	190	202	220	220	209	233	257	269	138	208	165	193	138	154	328	352
OtsCC16NSNT_2026	278	282	191	223	244	250	199	207	178	230	214	236	233	233	233	289	142	160	177	177	138	138	256	328
OtsCC16NSNT_2032	234	234	115	185	274	274	201	233	186	198	212	220	205	273	237	261	142	164	165	177	154	162	316	348
OtsCC16NSNT_2033	258	266	181	227	240	266	201	203	194	202	222	228	221	237	245	273	134	164	177	177	138	154	336	336
OtsCC16NSNT_2051	242	274	161	191	222	250	199	205	186	230	220	220	237	237	213	273	142	164	165	177	154	162	256	312
OtsCC16NSNT_2053	234	246	181	237	266	278	203	205	198	230	220	228	205	205	169	245	138	160	177	193	138	154	332	352
OtsCC16NSNT_2080	242	282	161	219	206	274	229	237	186	186	220	222	197	213	173	229	164	176	177	177	138	154	316	352
OtsCC16NSNT_2081	258	270	177	191	230	242	221	227	222	234	206	222	237	283	229	233	142	146	177	189	138	154	296	340
OtsCC16NSNT_2085	238	274	157	191	222	248	201	205	182	230	216	220	193	229	201	249	138	142	193	197	160	162	184	328
OtsCC16NSNT_2095	258	278	115	193	230	258	233	237	174	230	220	222	213	287	229	249	164	164	173	213	134	138	244	356
OtsCC16NSNT_2025	242	246	137	193	240	250	193	199	182	234	218	220	193	197	257	269	152	168	165	197	138	154	312	332
OtsCC16NSNT_2031	0	0	0	0	248	288	0	0	218	226	220	222	221	233	229	293	142	188	177	189	154	156	188	336
OtsCC16NSNT_2043	254	254	191	191	262	286	197	221	226	234	206	222	229	233	225	233	142	168	165	189	138	138	340	352
OtsCC16NSNT_2052	0	0	137	163	206	274	203	205	222	234	220	222	197	229	177	205	146	164	189	193	138	154	252	308
OtsCC16NSNT_2076	218	274	181	195	240	250	201	233	222	230	222	236	225	237	261	277	146	152	177	189	138	160	336	344
OtsCC16NSNT_2086	0	0	0	0	250	286	0	0	186	206	206	220	0	0	237	301	160	180	161	177	138	154	0	0
OtsCC16NSNT_2091	0	0	0	0	0	0	199	201	186	222	220	220	205	229	209	237	138	142	177	193	138	138	288	288
OtsCC16NSNT_2093	258	262	181	181	250	278	199	233	178	182	220	222	193	237	233	237	138	152	177	193	154	154	336	348
OtsCC16NSNT_2096	258	266	191	201	234	266	199	201	186	222	222	224	197	229	229	237	134	142	197	197	138	154	340	348